[individuals]
60
[landmarks]
30
[dimensions]
3
[names]
Wolf_Pit_1
Wolf_Pit_2
Wolf_Pit_3
Wolf_Pit_4
Wolf_Pit_5
Wolf_Pit_6
Wolf_Pit_7
Wolf_Pit_8
Wolf_Pit_9
Wolf_Pit_10
Wolf_Pit_11
Wolf_Pit_12
Wolf_Pit_13
Wolf_Pit_14
Wolf_Pit_15
Wolf_Pit_16
Wolf_Pit_17
Wolf_Pit_18
Wolf_Pit_19
Wolf_Pit_20
Wolf_Pit_21
Wolf_Pit_22
Wolf_Pit_23
Wolf_Pit_24
Wolf_Pit_25
Wolf_Pit_26
Wolf_Pit_27
Wolf_Pit_28
Wolf_Pit_29
Wolf_Pit_30
Dog_Pit_1
Dog_Pit_2
Dog_Pit_3
Dog_Pit_4
Dog_Pit_5
Dog_Pit_6
Dog_Pit_7
Dog_Pit_8
Dog_Pit_9
Dog_Pit_10
Dog_Pit_11
Dog_Pit_12
Dog_Pit_13
Dog_Pit_14
Dog_Pit_15
Dog_Pit_16
Dog_Pit_17
Dog_Pit_18
Dog_Pit_19
Dog_Pit_20
Dog_Pit_21
Dog_Pit_22
Dog_Pit_23
Dog_Pit_24
Dog_Pit_25
Dog_Pit_26
Dog_Pit_27
Dog_Pit_28
Dog_Pit_29
Dog_Pit_30
[labels]
Sample
[labelvalues]
Wolf
Wolf
Wolf
Wolf
Wolf
Wolf
Wolf
Wolf
Wolf
Wolf
Wolf
Wolf
Wolf
Wolf
Wolf
Wolf
Wolf
Wolf
Wolf
Wolf
Wolf
Wolf
Wolf
Wolf
Wolf
Wolf
Wolf
Wolf
Wolf
Wolf
Dog
Dog
Dog
Dog
Dog
Dog
Dog
Dog
Dog
Dog
Dog
Dog
Dog
Dog
Dog
Dog
Dog
Dog
Dog
Dog
Dog
Dog
Dog
Dog
Dog
Dog
Dog
Dog
Dog
Dog
[rawpoints]
'Wolf_Pit_1
1.1136724e+000 -7.5140872e+000 5.2870607e+000
-5.4301262e-001 -8.9713173e+000 4.5371857e+000
-8.0913317e-001 -7.6576285e+000 5.0564537e+000
8.0550969e-001 -8.9037800e+000 4.7655411e+000
-1.3665569e-001 -8.4439039e+000 4.5771570e+000
1.5134980e-001 -9.1019592e+000 4.6319213e+000
5.2176958e-001 -9.0374374e+000 4.6547270e+000
8.0550975e-001 -8.9037800e+000 4.7655411e+000
1.0319149e+000 -8.6672382e+000 4.8548756e+000
1.1792916e+000 -8.3512392e+000 4.9934940e+000
-2.4142721e-001 -9.0900249e+000 4.5593982e+000
-4.0350076e-002 -8.9924297e+000 4.6061954e+000
2.7114764e-001 -8.7518120e+000 4.7020516e+000
7.1810257e-001 -8.3565407e+000 4.8648586e+000
1.2654620e+000 -7.8484411e+000 5.2030339e+000
-5.4301262e-001 -8.9713173e+000 4.5371857e+000
-4.5516160e-001 -8.7808867e+000 4.5593061e+000
-1.3665561e-001 -8.4439039e+000 4.5771570e+000
3.9226502e-001 -8.0173807e+000 4.8097091e+000
1.1136724e+000 -7.5140872e+000 5.2870607e+000
-7.5368577e-001 -8.7577887e+000 4.6522665e+000
-7.8261030e-001 -8.4944620e+000 4.8210149e+000
-5.2069056e-001 -8.1232719e+000 4.8171120e+000
-2.1729240e-002 -7.7356858e+000 4.9643936e+000
6.9829160e-001 -7.3728790e+000 5.3582125e+000
-8.6652297e-001 -8.4384251e+000 4.8335190e+000
-9.4374126e-001 -7.9920626e+000 4.9657674e+000
-8.0913311e-001 -7.6576285e+000 5.0564532e+000
-4.8524839e-001 -7.4790549e+000 5.2097988e+000
4.4081092e-002 -7.3950744e+000 5.2778578e+000

'Wolf_Pit_2
3.1366210e+000 -2.8860343e+000 -1.3446991e+000
4.5575571e+000 -2.2801335e+000 -1.1604826e+000
4.2835679e+000 -3.1718998e+000 -1.3618140e+000
3.7255602e+000 -1.9401938e+000 -1.1553028e+000
3.9418094e+000 -2.4951980e+000 -1.3655589e+000
4.2191377e+000 -1.9542241e+000 -1.1379229e+000
3.9775767e+000 -1.8971256e+000 -1.1418968e+000
3.7255602e+000 -1.9401938e+000 -1.1553026e+000
3.4634795e+000 -2.0810034e+000 -1.1905169e+000
3.1911166e+000 -2.3241577e+000 -1.2223591e+000
4.4221435e+000 -2.0991454e+000 -1.1225473e+000
4.1361518e+000 -2.1100795e+000 -1.2194940e+000
3.8161798e+000 -2.2138479e+000 -1.2551916e+000
3.4661648e+000 -2.3930488e+000 -1.2806581e+000
3.0828135e+000 -2.6476619e+000 -1.3024678e+000
4.5575571e+000 -2.2801335e+000 -1.1604828e+000
4.2686863e+000 -2.3813944e+000 -1.2387745e+000
3.9418094e+000 -2.4951980e+000 -1.3655587e+000
3.5626309e+000 -2.6748538e+000 -1.3674343e+000
3.1366210e+000 -2.8860340e+000 -1.3446990e+000
4.6182184e+000 -2.5040123e+000 -1.1990404e+000
4.3851900e+000 -2.6771121e+000 -1.3097153e+000
4.0967054e+000 -2.8372381e+000 -1.3377001e+000
3.7522068e+000 -2.9438872e+000 -1.3881508e+000
3.3520162e+000 -3.0332651e+000 -1.3726475e+000
4.6093040e+000 -2.7681000e+000 -1.2737865e+000
4.4750137e+000 -3.0315945e+000 -1.3206799e+000
4.2835679e+000 -3.1718998e+000 -1.3618141e+000
4.0352049e+000 -3.1945665e+000 -1.3553150e+000
3.7290616e+000 -3.0915589e+000 -1.3765595e+000

'Wolf_Pit_3
-1.0646098e+000 -3.7056046e+000 -1.6047554e+000
-2.1325018e+000 -5.0648890e+000 -1.8797488e+000
-2.3089924e+000 -4.1315193e+000 -1.6916666e+000
-8.8179266e-001 -4.9389944e+000 -1.8854213e+000
-1.9382701e+000 -4.4586959e+000 -1.9517446e+000
-1.4290764e+000 -5.2519917e+000 -1.9317392e+000
-1.0963787e+000 -5.1274524e+000 -1.9255263e+000
-8.8179266e-001 -4.9389944e+000 -1.8854215e+000
-7.8583401e-001 -4.6882033e+000 -1.7997819e+000
-8.0691922e-001 -4.3707047e+000 -1.6990740e+000
-1.8402925e+000 -5.1915941e+000 -1.9432851e+000
-1.7021543e+000 -4.9651728e+000 -1.9669193e+000
-1.4955838e+000 -4.6836376e+000 -1.9101042e+000
-1.2202891e+000 -4.3449621e+000 -1.8076881e+000
-8.7551486e-001 -3.9543917e+000 -1.6091712e+000
-2.1325018e+000 -5.0648890e+000 -1.8797487e+000
-2.1188705e+000 -4.7849874e+000 -1.9223782e+000
-1.9382700e+000 -4.4586959e+000 -1.9517447e+000
-1.5856667e+000 -4.1012106e+000 -1.7933761e+000
-1.0646098e+000 -3.7056046e+000 -1.6047553e+000
-2.3091543e+000 -4.8571863e+000 -1.8764756e+000
-2.3469920e+000 -4.5814281e+000 -1.8383248e+000
-2.2050896e+000 -4.2829242e+000 -1.7842782e+000
-1.8829983e+000 -3.9616008e+000 -1.7158543e+000
-1.3772576e+000 -3.6244287e+000 -1.5973963e+000
-2.3660316e+000 -4.5777903e+000 -1.8373687e+000
-2.3955777e+000 -4.3490386e+000 -1.7868524e+000
-2.3089924e+000 -4.1315193e+000 -1.6916664e+000
-2.1165435e+000 -3.9152317e+000 -1.6602653e+000
-1.8123692e+000 -3.7108657e+000 -1.6133575e+000

'Wolf_Pit_4
7.2111025e+000 3.8736105e+000 -2.4399614e-001
6.1735158e+000 2.7117603e+000 -4.3173361e-001
6.1455932e+000 3.5881891e+000 -3.8460588e-001
7.0766134e+000 3.0251093e+000 -2.9916668e-001
6.4648595e+000 3.0223012e+000 -5.6520176e-001
6.7326994e+000 2.7151389e+000 -4.2593229e-001
6.9818029e+000 2.8644078e+000 -4.6224657e-001
7.0766134e+000 3.0251091e+000 -2.9916677e-001
7.1686687e+000 3.2165675e+000 -2.6655763e-001
7.2249899e+000 3.4388402e+000 -2.8545633e-001
6.3962297e+000 2.6688855e+000 -3.8943350e-001
6.5328135e+000 2.7555420e+000 -4.3875095e-001
6.7364845e+000 2.9504709e+000 -5.1460296e-001
6.9857283e+000 3.2774494e+000 -3.7220484e-001
7.2973318e+000 3.7185621e+000 -2.3945487e-001
6.1735158e+000 2.7117603e+000 -4.3173352e-001
6.2680206e+000 2.8188548e+000 -4.5345247e-001
6.4648595e+000 3.0223012e+000 -5.6520182e-001
6.7885351e+000 3.3852177e+000 -4.0791142e-001
7.2111025e+000 3.8736105e+000 -2.4399610e-001
6.0599661e+000 2.8729498e+000 -4.2941925e-001
6.1051888e+000 3.0221481e+000 -4.4571891e-001
6.2702909e+000 3.2354088e+000 -5.0642532e-001
6.5609760e+000 3.5325963e+000 -3.6258718e-001
6.9689064e+000 3.9030056e+000 -2.5666618e-001
6.0564218e+000 3.1441607e+000 -4.1291398e-001
6.0608034e+000 3.3959980e+000 -4.1880664e-001
6.1455932e+000 3.5881891e+000 -3.8460618e-001
6.3190570e+000 3.7276452e+000 -3.5018235e-001
6.5694351e+000 3.8075595e+000 -2.7422667e-001

'Wolf_Pit_5
-3.3970344e+000 -1.6499218e+000 9.6818008e+000
-4.9579144e+000 -4.2188435e+000 9.2346401e+000
-5.5353727e+000 -2.6697037e+000 9.7268257e+000
-3.3743105e+000 -3.9350297e+000 9.1972246e+000
-4.1300721e+000 -3.3164585e+000 9.0402241e+000
-4.1238532e+000 -4.4731641e+000 9.0535221e+000
-3.7171719e+000 -4.2586398e+000 9.0498362e+000
-3.3743105e+000 -3.9350297e+000 9.1972246e+000
-3.0890751e+000 -3.4847782e+000 9.2268715e+000
-2.8584342e+000 -2.9348040e+000 9.3395586e+000
-4.5797291e+000 -4.3839431e+000 9.0849237e+000
-4.0845141e+000 -4.0978522e+000 9.0336304e+000
-3.6610091e+000 -3.6114125e+000 9.1310158e+000
-3.3118179e+000 -2.9641709e+000 9.2509699e+000
-3.0129623e+000 -2.1180930e+000 9.5666971e+000
-4.9579144e+000 -4.2188435e+000 9.2346401e+000
-4.5108514e+000 -3.8536758e+000 9.1037359e+000
-4.1300716e+000 -3.3164582e+000 9.0402241e+000
-3.7526202e+000 -2.5738726e+000 9.3400517e+000
-3.3970344e+000 -1.6499217e+000 9.6818008e+000
-5.2809696e+000 -3.9698660e+000 9.3694649e+000
-5.0404496e+000 -3.5423212e+000 9.2540464e+000
-4.7417722e+000 -2.9981828e+000 9.3124514e+000
-4.4170284e+000 -2.3293293e+000 9.4112091e+000
-4.0262003e+000 -1.5512469e+000 9.7632160e+000
-5.5566211e+000 -3.6376243e+000 9.4992867e+000
-5.6298337e+000 -3.1335921e+000 9.6217117e+000
-5.5353727e+000 -2.6697040e+000 9.7268257e+000
-5.2655258e+000 -2.2578025e+000 9.8357449e+000
-4.8939848e+000 -1.8121676e+000 9.7671032e+000

'Wolf_Pit_6
3.3939481e+000 7.6122120e-002 9.3398829e+000
3.2177441e+000 3.1385100e+000 9.8774700e+000
4.5381794e+000 2.0447476e+000 9.5863991e+000
2.4046128e+000 1.6240774e+000 9.7511749e+000
3.4545388e+000 2.2401068e+000 9.4719639e+000
2.5999844e+000 2.4689083e+000 9.8250694e+000
2.4478765e+000 2.0442333e+000 9.7967081e+000
2.4046128e+000 1.6240774e+000 9.7511749e+000
2.4711409e+000 1.2085344e+000 9.6932592e+000
2.6426542e+000 7.9792404e-001 9.5984449e+000
2.8839879e+000 2.9338396e+000 9.8481464e+000
2.9010203e+000 2.5748782e+000 9.7618036e+000
2.9281564e+000 2.0081065e+000 9.6716032e+000
2.9677384e+000 1.2267463e+000 9.5817862e+000
3.0099354e+000 2.1903686e-001 9.4639559e+000
3.2177439e+000 3.1385102e+000 9.8774700e+000
3.3619437e+000 2.8003371e+000 9.7531147e+000
3.4545388e+000 2.2401071e+000 9.4719639e+000
3.4604337e+000 1.3079357e+000 9.4178972e+000
3.3939481e+000 7.6122113e-002 9.3398829e+000
3.5999453e+000 3.0939057e+000 9.8783913e+000
3.8501654e+000 2.7491970e+000 9.7705994e+000
3.9736986e+000 2.2089295e+000 9.5988102e+000
3.9672780e+000 1.4178523e+000 9.4854221e+000
3.8170028e+000 3.6810482e-001 9.3818369e+000
4.0304999e+000 2.8173454e+000 9.8114195e+000
4.3802652e+000 2.4494109e+000 9.7011032e+000
4.5381794e+000 2.0447476e+000 9.5863991e+000
4.5009594e+000 1.5922927e+000 9.5205412e+000
4.2682896e+000 1.0947666e+000 9.4991217e+000

'Wolf_Pit_7
1.3107311e+000 -1.2815150e+000 1.6026664e+000
3.2138879e+000 -3.7860813e+000 1.4687443e+000
1.4861584e+000 -3.3743947e+000 1.5532632e+000
2.9768183e+000 -2.3004243e+000 1.7202320e+000
2.4477627e+000 -3.0643487e+000 1.2869220e+000
3.5108256e+000 -3.0442023e+000 1.6917058e+000
3.2715974e+000 -2.6545355e+000 1.7082003e+000
2.9768181e+000 -2.3004243e+000 1.7202315e+000
2.6320114e+000 -1.9810375e+000 1.7095754e+000
2.2350898e+000 -1.6972533e+000 1.6867393e+000
3.4312952e+000 -3.5183206e+000 1.5591940e+000
3.1505568e+000 -3.2084486e+000 1.4828619e+000
2.7664635e+000 -2.7383997e+000 1.4264287e+000
2.2711811e+000 -2.1010501e+000 1.5223008e+000
1.6633435e+000 -1.2968149e+000 1.6497583e+000
3.2138879e+000 -3.7860811e+000 1.4687443e+000
2.8775918e+000 -3.5508740e+000 1.3847337e+000
2.4477627e+000 -3.0643487e+000 1.2869220e+000
1.9257896e+000 -2.3055689e+000 1.3840075e+000
1.3107311e+000 -1.2815150e+000 1.6026664e+000
2.8340044e+000 -3.8577085e+000 1.4213551e+000
2.4427404e+000 -3.6802704e+000 1.5352621e+000
2.0293994e+000 -3.2726345e+000 1.4498880e+000
1.6088897e+000 -2.6002452e+000 1.4569417e+000
1.1809024e+000 -1.6633162e+000 1.5927219e+000
2.3111553e+000 -3.7116978e+000 1.5796224e+000
1.8226146e+000 -3.6180716e+000 1.5620930e+000
1.4861584e+000 -3.3743947e+000 1.5532632e+000
1.3031230e+000 -2.9837003e+000 1.5942978e+000
1.2707467e+000 -2.4374790e+000 1.5938396e+000

'Wolf_Pit_8
7.5285435e-002 2.8705378e+000 -2.9104300e+000
1.4298810e+000 2.3338163e+000 -3.0287275e+000
6.9576061e-001 2.0646086e+000 -2.9716692e+000
1.0546601e+000 3.1012924e+000 -2.8786764e+000
9.2422271e-001 2.4766617e+000 -3.0180087e+000
1.4009855e+000 2.8087633e+000 -2.9399402e+000
1.2420486e+000 2.9891961e+000 -2.9114442e+000
1.0546601e+000 3.1012926e+000 -2.8786762e+000
8.3724183e-001 3.1518178e+000 -2.8841028e+000
5.8973175e-001 3.1357903e+000 -2.8861578e+000
1.4606947e+000 2.5521150e+000 -2.9896216e+000
1.2689984e+000 2.6473725e+000 -2.9762280e+000
1.0020441e+000 2.7609501e+000 -2.9618599e+000
6.6020602e-001 2.8902788e+000 -2.9333062e+000
2.4337949e-001 3.0360544e+000 -2.8942027e+000
1.4298810e+000 2.3338163e+000 -3.0287275e+000
1.2201723e+000 2.3725655e+000 -3.0272653e+000
9.2422271e-001 2.4766617e+000 -3.0180089e+000
5.4222137e-001 2.6433110e+000 -2.9835026e+000
7.5285427e-002 2.8705378e+000 -2.9104300e+000
1.3081508e+000 2.1540911e+000 -3.0599270e+000
1.0966377e+000 2.1606505e+000 -3.0438459e+000
8.2224911e-001 2.2440510e+000 -3.0179346e+000
4.8552746e-001 2.4023843e+000 -2.9734843e+000
8.5019536e-002 2.6379905e+000 -2.9295719e+000
1.0974220e+000 2.0056365e+000 -3.0447865e+000
8.9886504e-001 2.0088620e+000 -3.0063300e+000
6.9576061e-001 2.0646086e+000 -2.9716692e+000
4.8781237e-001 2.1733000e+000 -2.9484391e+000
2.7529871e-001 2.3346179e+000 -2.9232786e+000

'Wolf_Pit_9
-1.4126176e+000 2.6114123e+000 -2.7782989e+000
-1.8801974e+000 7.8358656e-001 -2.9224339e+000
-2.4153457e+000 1.7530493e+000 -2.7568135e+000
-8.7462783e-001 1.4725052e+000 -2.9197783e+000
-1.6952915e+000 1.3876915e+000 -3.0676527e+000
-1.2072513e+000 9.5943075e-001 -2.9604213e+000
-9.9361795e-001 1.2052026e+000 -2.9798729e+000
-8.8179791e-001 1.4736212e+000 -2.9207997e+000
-8.6063880e-001 1.7692883e+000 -2.8850660e+000
-9.3371928e-001 2.0907562e+000 -2.8394060e+000
-1.5864758e+000 7.8434724e-001 -2.9355693e+000
-1.4163653e+000 1.0106871e+000 -2.9767907e+000
-1.2985038e+000 1.3731557e+000 -3.0228448e+000
-1.2147344e+000 1.8606504e+000 -2.9413431e+000
-1.1662868e+000 2.4808307e+000 -2.8211365e+000
-1.8804612e+000 7.8009415e-001 -2.9231620e+000
-1.7662919e+000 9.9683964e-001 -2.9377751e+000
-1.6956146e+000 1.3877292e+000 -3.0675547e+000
-1.5645831e+000 1.9257586e+000 -2.9650617e+000
-1.4134967e+000 2.6202717e+000 -2.7772367e+000
-2.0765328e+000 9.3645936e-001 -2.8535993e+000
-2.0652347e+000 1.1655970e+000 -2.8152359e+000
-2.0325255e+000 1.5124066e+000 -2.8917596e+000
-1.8979969e+000 1.9601657e+000 -2.8558810e+000
-1.6716167e+000 2.5159144e+000 -2.7889662e+000
-2.1878614e+000 1.2613931e+000 -2.7893546e+000
-2.3788402e+000 1.5173945e+000 -2.7424068e+000
-2.4134130e+000 1.7527232e+000 -2.7579093e+000
-2.2680366e+000 1.9689366e+000 -2.7766163e+000
-1.9372314e+000 2.1632981e+000 -2.7906432e+000

'Wolf_Pit_10
-5.8067865e+000 -3.9068620e+000 -1.0009184e+000
-4.8028088e+000 -2.4144900e+000 -1.1875200e+000
-4.6745043e+000 -3.3458571e+000 -1.0706024e+000
-5.8140383e+000 -2.4519649e+000 -1.0774732e+000
-5.1509824e+000 -2.8552034e+000 -1.2567654e+000
-5.3126836e+000 -2.3022907e+000 -1.1542689e+000
-5.5960622e+000 -2.3207543e+000 -1.1089125e+000
-5.8140383e+000 -2.4519649e+000 -1.0774730e+000
-5.9675875e+000 -2.6967189e+000 -1.0621693e+000
-6.0523357e+000 -3.0531616e+000 -1.0333802e+000
-5.0165653e+000 -2.3138621e+000 -1.1961604e+000
-5.2312508e+000 -2.3969538e+000 -1.1763002e+000
-5.4599700e+000 -2.6345770e+000 -1.1569353e+000
-5.7120080e+000 -3.0433931e+000 -1.1412205e+000
-5.9828687e+000 -3.5994766e+000 -9.8809451e-001
-4.8028088e+000 -2.4144902e+000 -1.1875200e+000
-4.9443245e+000 -2.5535045e+000 -1.2191224e+000
-5.1509819e+000 -2.8552034e+000 -1.2567652e+000
-5.4404473e+000 -3.3037186e+000 -1.1645219e+000
-5.8067865e+000 -3.9068620e+000 -1.0009185e+000
-4.6665049e+000 -2.6006262e+000 -1.1804627e+000
-4.7367802e+000 -2.7874331e+000 -1.1558053e+000
-4.8962932e+000 -3.0805628e+000 -1.1557522e+000
-5.1523142e+000 -3.4789338e+000 -1.1290965e+000
-5.5140591e+000 -3.9687331e+000 -1.0062840e+000
-4.6113210e+000 -2.8722701e+000 -1.1343879e+000
-4.5965815e+000 -3.1126471e+000 -1.0956570e+000
-4.6745043e+000 -3.3458571e+000 -1.0706025e+000
-4.8418012e+000 -3.5725417e+000 -1.0906535e+000
-5.1094823e+000 -3.7889016e+000 -1.0465580e+000

'Wolf_Pit_11
-3.4109378e-001 -5.1098852e+000 -1.1674514e+000
-1.0910149e+000 -3.9621344e+000 -1.1909180e+000
-2.8414047e-001 -4.1383023e+000 -1.2194228e+000
-1.3026989e+000 -4.8139739e+000 -1.1614633e+000
-7.4065650e-001 -4.6642785e+000 -1.2869442e+000
-1.3343462e+000 -4.3730092e+000 -1.1683531e+000
-1.3650252e+000 -4.6110058e+000 -1.1705344e+000
-1.3026989e+000 -4.8139739e+000 -1.1614633e+000
-1.1494440e+000 -4.9829607e+000 -1.1604180e+000
-9.0505195e-001 -5.1192040e+000 -1.1839731e+000
-1.2336675e+000 -4.1188011e+000 -1.1724033e+000
-1.1476122e+000 -4.4861612e+000 -1.2157776e+000
-1.0092567e+000 -4.7854242e+000 -1.2098978e+000
-8.1606466e-001 -5.0169067e+000 -1.2074788e+000
-5.6920397e-001 -5.1819181e+000 -1.1822401e+000
-1.0910149e+000 -3.9621341e+000 -1.1909178e+000
-9.2151731e-001 -4.3430862e+000 -1.2340140e+000
-7.4065650e-001 -4.6642785e+000 -1.2869442e+000
-5.4726505e-001 -4.9179702e+000 -1.2279429e+000
-3.4109378e-001 -5.1098852e+000 -1.1674515e+000
-9.0656340e-001 -3.9073908e+000 -1.2456963e+000
-6.8426567e-001 -4.1797743e+000 -1.2295153e+000
-4.9615794e-001 -4.4413319e+000 -1.2322916e+000
-3.4158126e-001 -4.6845331e+000 -1.2109746e+000
-2.2352019e-001 -4.9064126e+000 -1.2118435e+000
-6.7749298e-001 -3.9399347e+000 -1.2498852e+000
-4.4259673e-001 -4.0138340e+000 -1.2446733e+000
-2.8414047e-001 -4.1383023e+000 -1.2194228e+000
-2.0555158e-001 -4.3233800e+000 -1.1992702e+000
-2.0883121e-001 -4.5686512e+000 -1.1897827e+000

'Wolf_Pit_12
-4.4967380e+000 1.1801423e-001 5.9999804e+000
-4.7405825e+000 -2.3458247e+000 5.9666882e+000
-5.7088046e+000 -1.1431009e+000 6.2169666e+000
-3.6050684e+000 -1.6182282e+000 5.8330030e+000
-4.3421035e+000 -8.3135259e-001 5.5326796e+000
-4.0896955e+000 -2.4069579e+000 6.1022015e+000
-3.8004549e+000 -2.0639234e+000 5.8974423e+000
-3.6050684e+000 -1.6182283e+000 5.8330026e+000
-3.4978194e+000 -1.1607673e+000 5.5592761e+000
-3.5144703e+000 -5.4650784e-001 5.7184963e+000
-4.4220142e+000 -2.4317970e+000 6.0232453e+000
-4.0847030e+000 -1.7121327e+000 5.7603564e+000
-3.8934445e+000 -1.0877889e+000 5.5409584e+000
-3.8743072e+000 -5.4921675e-001 5.6926928e+000
-4.0074062e+000 -1.0146737e-001 5.9407873e+000
-4.7405825e+000 -2.3458247e+000 5.9666882e+000
-4.4681301e+000 -1.5157737e+000 5.5834632e+000
-4.3421035e+000 -8.3135259e-001 5.5326800e+000
-4.3468084e+000 -2.9664606e-001 5.7860398e+000
-4.4967380e+000 1.1801421e-001 5.9999804e+000
-5.0565491e+000 -2.1449032e+000 5.9929194e+000
-4.9897909e+000 -1.4582474e+000 5.7356133e+000
-4.9491587e+000 -8.4924978e-001 5.7192054e+000
-4.9402251e+000 -3.2917818e-001 5.8718076e+000
-4.9783993e+000 1.1337849e-001 6.0512781e+000
-5.3552690e+000 -1.8225187e+000 6.1360421e+000
-5.5997896e+000 -1.5205430e+000 6.2264266e+000
-5.7088046e+000 -1.1431007e+000 6.2169671e+000
-5.6789045e+000 -6.8052673e-001 6.0865169e+000
-5.4553180e+000 -1.1558154e-001 6.0370445e+000

'Wolf_Pit_13
-2.6580601e+000 -2.4284165e+000 5.9085927e+000
-3.2359245e+000 5.7474369e-001 5.8154650e+000
-1.9458129e+000 -6.0127819e-001 5.8002453e+000
-3.9416432e+000 -1.2700608e+000 5.6017451e+000
-2.8738682e+000 -7.7991891e-001 5.4236951e+000
-3.8032305e+000 -2.2066104e-001 5.9020419e+000
-3.9477470e+000 -7.9251391e-001 5.5541248e+000
-3.9416432e+000 -1.2700609e+000 5.6017451e+000
-3.7802641e+000 -1.6344525e+000 5.7943401e+000
-3.4325266e+000 -2.0059595e+000 5.8744087e+000
-3.5063739e+000 3.1797603e-001 5.9304547e+000
-3.4791086e+000 -3.1208178e-001 5.7421255e+000
-3.3987999e+000 -9.6998417e-001 5.5431962e+000
-3.2502515e+000 -1.6455779e+000 5.7289820e+000
-3.0377901e+000 -2.3770292e+000 5.8381009e+000
-3.2359245e+000 5.7474363e-001 5.8154655e+000
-3.0295293e+000 -6.8014540e-002 5.6459465e+000
-2.8738682e+000 -7.7991891e-001 5.4236951e+000
-2.7481804e+000 -1.5668795e+000 5.5635142e+000
-2.6580601e+000 -2.4284165e+000 5.9085932e+000
-2.9196358e+000 4.8597947e-001 5.7014394e+000
-2.6002047e+000 -4.3475568e-002 5.7691746e+000
-2.4001839e+000 -6.4737701e-001 5.6037464e+000
-2.2979629e+000 -1.3586724e+000 5.6593404e+000
-2.3078845e+000 -2.1655340e+000 5.9054351e+000
-2.5293560e+000 2.5706697e-002 5.8239093e+000
-2.1653371e+000 -2.4216609e-001 5.8176827e+000
-1.9458129e+000 -6.0127819e-001 5.8002453e+000
-1.8835292e+000 -1.0517240e+000 5.8193707e+000
-1.9807904e+000 -1.5868613e+000 5.9103570e+000

'Wolf_Pit_14
1.4916228e-001 -2.4582801e+000 1.2790707e+001
1.6692940e+000 -2.2568104e-001 1.2752657e+001
1.8696599e+000 -1.8590668e+000 1.2537633e+001
7.6613426e-002 -5.0818789e-001 1.2886566e+001
1.1689519e+000 -1.3665283e+000 1.2441350e+001
7.5435448e-001 -4.0156397e-001 1.2691821e+001
3.8163397e-001 -3.6641973e-001 1.2754741e+001
7.6613344e-002 -5.0818789e-001 1.2886566e+001
-1.1298969e-001 -8.4800851e-001 1.2806494e+001
-2.1578769e-001 -1.3899739e+000 1.2762956e+001
1.2819926e+000 -1.9169949e-001 1.2784327e+001
9.9174863e-001 -5.5143136e-001 1.2663072e+001
6.8102545e-001 -9.7700995e-001 1.2530230e+001
3.0078328e-001 -1.4798143e+000 1.2570978e+001
-9.3141705e-002 -2.0847175e+000 1.2831909e+001
1.6692940e+000 -2.2568113e-001 1.2752658e+001
1.4712056e+000 -8.2653379e-001 1.2637963e+001
1.1689519e+000 -1.3665283e+000 1.2441350e+001
7.2681755e-001 -1.9268068e+000 1.2586542e+001
1.4916238e-001 -2.4582801e+000 1.2790707e+001
1.9253805e+000 -4.8703039e-001 1.2698735e+001
1.8088561e+000 -1.1719592e+000 1.2685236e+001
1.5675683e+000 -1.6603293e+000 1.2429108e+001
1.1482564e+000 -2.1477423e+000 1.2657296e+001
5.5796218e-001 -2.5441577e+000 1.2760766e+001
2.0426073e+000 -1.0429502e+000 1.2797292e+001
2.0333583e+000 -1.4768195e+000 1.2563304e+001
1.8696599e+000 -1.8590668e+000 1.2537633e+001
1.5721278e+000 -2.1359134e+000 1.2567020e+001
1.1287570e+000 -2.3240607e+000 1.2750772e+001

'Wolf_Pit_15
-4.1918375e-002 -2.4302945e+000 1.2877655e+001
8.4091353e-001 -3.3392076e+000 1.2790592e+001
9.5662288e-004 -3.3106315e+000 1.2774206e+001
8.2758987e-001 -2.5380208e+000 1.2801733e+001
6.0234135e-001 -3.2169564e+000 1.2659732e+001
1.0424550e+000 -2.8676882e+000 1.2796104e+001
9.6031809e-001 -2.6696584e+000 1.2789505e+001
8.2758993e-001 -2.5380208e+000 1.2801734e+001
6.3611120e-001 -2.4767079e+000 1.2755158e+001
3.9715332e-001 -2.4739857e+000 1.2744469e+001
9.6763498e-001 -3.1335282e+000 1.2779763e+001
9.1611683e-001 -3.0957997e+000 1.2767060e+001
7.6160228e-001 -2.9494874e+000 1.2708290e+001
5.0356126e-001 -2.7113519e+000 1.2767880e+001
1.3466342e-001 -2.3859353e+000 1.2799020e+001
8.4091353e-001 -3.3392074e+000 1.2790592e+001
7.6781857e-001 -3.3681588e+000 1.2765489e+001
6.0234135e-001 -3.2169564e+000 1.2659732e+001
3.3041656e-001 -2.9092922e+000 1.2700498e+001
-4.1918501e-002 -2.4302945e+000 1.2877654e+001
6.5861499e-001 -3.4513705e+000 1.2753849e+001
5.2818269e-001 -3.4790127e+000 1.2765670e+001
3.5090804e-001 -3.3335204e+000 1.2719396e+001
1.1829188e-001 -3.0499921e+000 1.2705730e+001
-1.5617751e-001 -2.5998170e+000 1.2840849e+001
4.2095035e-001 -3.5020857e+000 1.2743052e+001
1.7778423e-001 -3.4327888e+000 1.2736628e+001
9.5662661e-004 -3.3106315e+000 1.2774206e+001
-1.1530927e-001 -3.1347904e+000 1.2812201e+001
-1.8139352e-001 -2.9074883e+000 1.2829239e+001

'Wolf_Pit_16
2.6691759e+000 -1.7705046e+000 1.2772584e+001
1.4401746e+000 -3.0808978e+000 1.2655228e+001
1.5410658e+000 -1.9458296e+000 1.2524135e+001
2.7165775e+000 -3.2581165e+000 1.2722034e+001
1.8299096e+000 -2.7146027e+000 1.2409165e+001
2.0805151e+000 -3.2109239e+000 1.2694002e+001
2.4446719e+000 -3.3348756e+000 1.2698497e+001
2.7165775e+000 -3.2581165e+000 1.2722034e+001
2.9009600e+000 -2.9870615e+000 1.2716286e+001
2.9962902e+000 -2.5202208e+000 1.2718823e+001
1.7038563e+000 -3.1935723e+000 1.2693216e+001
1.9407645e+000 -3.1971548e+000 1.2667983e+001
2.1985917e+000 -3.0145934e+000 1.2514153e+001
2.5129471e+000 -2.6318514e+000 1.2554662e+001
2.8682618e+000 -2.0625815e+000 1.2759203e+001
1.4401747e+000 -3.0808978e+000 1.2655229e+001
1.6044941e+000 -2.9708118e+000 1.2576384e+001
1.8299097e+000 -2.7146027e+000 1.2409165e+001
2.1971757e+000 -2.3089278e+000 1.2457963e+001
2.6691759e+000 -1.7705046e+000 1.2772584e+001
1.3290617e+000 -2.8603613e+000 1.2737849e+001
1.4357123e+000 -2.6311150e+000 1.2642684e+001
1.6174334e+000 -2.3571277e+000 1.2502204e+001
1.9482867e+000 -2.0247962e+000 1.2476833e+001
2.4042623e+000 -1.6393619e+000 1.2724428e+001
1.2866757e+000 -2.5354540e+000 1.2721409e+001
1.3906831e+000 -2.1902270e+000 1.2658563e+001
1.5410658e+000 -1.9458296e+000 1.2524135e+001
1.7728094e+000 -1.7690963e+000 1.2523315e+001
2.0730343e+000 -1.6695285e+000 1.2619775e+001

'Wolf_Pit_17
1.0520010e+000 -7.3009678e-003 3.1514287e+000
2.8544483e+000 -5.1259726e-001 3.3767409e+000
1.8862381e+000 -1.0003355e+000 3.2068939e+000
2.2930794e+000 4.1045690e-001 3.2874203e+000
2.1429546e+000 -2.2690088e-001 3.1508861e+000
2.7108896e+000 4.1969541e-002 3.3275366e+000
2.5202763e+000 2.6820919e-001 3.3679554e+000
2.2958865e+000 4.0815052e-001 3.2877758e+000
2.0097861e+000 4.3396872e-001 3.2693806e+000
1.6816618e+000 3.5983485e-001 3.1864829e+000
2.8603420e+000 -2.4346375e-001 3.3586926e+000
2.5819492e+000 -4.2243309e-002 3.2866240e+000
2.2287343e+000 1.0287190e-001 3.2094722e+000
1.7907791e+000 1.8620569e-001 3.1514282e+000
1.2572590e+000 2.1458387e-001 3.1467903e+000
2.8583617e+000 -5.0316280e-001 3.3791318e+000
2.5434899e+000 -3.6182716e-001 3.2467015e+000
2.1431546e+000 -2.3436482e-001 3.1522784e+000
1.6427748e+000 -1.1482243e-001 3.1424277e+000
1.0569720e+000 -1.2584552e-002 3.1518235e+000
2.7197814e+000 -7.3197800e-001 3.3323808e+000
2.3849068e+000 -6.7799705e-001 3.2803392e+000
2.0232503e+000 -5.9768766e-001 3.1685913e+000
1.5873222e+000 -4.7885102e-001 3.1219790e+000
1.0798075e+000 -3.2052600e-001 3.1084769e+000
2.4223003e+000 -9.3121612e-001 3.3006530e+000
2.1569762e+000 -1.0064925e+000 3.2569735e+000
1.8875275e+000 -9.9498373e-001 3.2075315e+000
1.6184367e+000 -8.9635581e-001 3.1400962e+000
1.3253968e+000 -7.0923060e-001 3.1239491e+000

'Wolf_Pit_18
8.1722498e+000 -3.1171352e-001 4.0821400e+000
6.1031542e+000 -3.8476327e-001 3.7136827e+000
6.8378701e+000 3.7419116e-001 3.9118900e+000
7.0004072e+000 -1.1962053e+000 3.8238211e+000
7.2472959e+000 -3.1909823e-001 3.6729283e+000
6.2970147e+000 -1.0011060e+000 3.7933481e+000
6.6542945e+000 -1.1499015e+000 3.7951286e+000
7.0004072e+000 -1.1962053e+000 3.8238211e+000
7.3322825e+000 -1.1417261e+000 3.8976908e+000
7.6599278e+000 -9.7942424e-001 3.9370520e+000
6.1475873e+000 -6.7985284e-001 3.7590756e+000
6.6957340e+000 -7.2932756e-001 3.7378964e+000
7.1924677e+000 -7.3966521e-001 3.7793033e+000
7.6383615e+000 -7.1137148e-001 3.9125261e+000
8.0589104e+000 -6.4041030e-001 4.0316339e+000
6.1031542e+000 -3.8476327e-001 3.7136824e+000
6.6975040e+000 -3.4573451e-001 3.6680727e+000
7.2472959e+000 -3.1909826e-001 3.6729283e+000
7.7215056e+000 -3.0987987e-001 3.8803120e+000
8.1722498e+000 -3.1171352e-001 4.0821400e+000
6.1621895e+000 -1.1886149e-001 3.7384675e+000
6.6379147e+000 -8.5308906e-003 3.7724288e+000
7.1007271e+000 5.1831935e-002 3.8377869e+000
7.5582361e+000 5.4689635e-002 3.9262743e+000
8.0095978e+000 9.1413446e-003 4.0530610e+000
6.3263874e+000 1.1948290e-001 3.7998121e+000
6.5530639e+000 2.8604442e-001 3.8715773e+000
6.8378696e+000 3.7419116e-001 3.9118898e+000
7.1703310e+000 3.8422227e-001 3.9591947e+000
7.5507708e+000 3.1599653e-001 4.0131440e+000

'Wolf_Pit_19
3.7067046e+000 -4.3086677e+000 3.9955492e+000
5.4286103e+000 -5.0923777e+000 4.2115822e+000
4.3304815e+000 -5.5288792e+000 4.0598879e+000
5.1630840e+000 -3.8056228e+000 4.0878406e+000
4.7632513e+000 -4.7687550e+000 3.9173393e+000
5.4385614e+000 -4.4807110e+000 4.2030458e+000
5.3530569e+000 -4.0401244e+000 4.1518869e+000
5.1630840e+000 -3.8056228e+000 4.0878401e+000
4.8678851e+000 -3.7858133e+000 3.9909599e+000
4.4684563e+000 -3.9396923e+000 3.9745994e+000
5.4954481e+000 -4.8261604e+000 4.2097068e+000
5.2769217e+000 -4.5247278e+000 4.1329055e+000
4.9574976e+000 -4.3038731e+000 4.0206404e+000
4.5260634e+000 -4.1483355e+000 3.9983146e+000
3.9853115e+000 -4.0655289e+000 4.0063081e+000
5.4286098e+000 -5.0923777e+000 4.2115822e+000
5.1297274e+000 -4.9420056e+000 4.1088738e+000
4.7632513e+000 -4.7687550e+000 3.9173396e+000
4.2881541e+000 -4.5565367e+000 3.8798137e+000
3.7067046e+000 -4.3086677e+000 3.9955490e+000
5.2379313e+000 -5.2781720e+000 4.2157159e+000
4.9140482e+000 -5.2736034e+000 4.1308479e+000
4.5435343e+000 -5.1739669e+000 4.0138106e+000
4.1212339e+000 -4.9682827e+000 3.9470909e+000
3.6349034e+000 -4.6611733e+000 3.9977102e+000
4.9246373e+000 -5.3898578e+000 4.1746721e+000
4.6230745e+000 -5.5280056e+000 4.0973706e+000
4.3304815e+000 -5.5288792e+000 4.0598879e+000
4.0449018e+000 -5.3950734e+000 4.0303292e+000
3.7686963e+000 -5.1238551e+000 4.0513110e+000

'Wolf_Pit_20
1.2610741e+001 -7.6639204e+000 4.7865634e+000
1.0767577e+001 -7.4302902e+000 4.5022349e+000
1.1737939e+001 -6.8991451e+000 4.8394961e+000
1.1481924e+001 -8.3829737e+000 4.3335743e+000
1.1665144e+001 -7.4345665e+000 4.3740969e+000
1.0999055e+001 -7.9595861e+000 4.3253322e+000
1.1211308e+001 -8.2529135e+000 4.3347015e+000
1.1481924e+001 -8.3829737e+000 4.3335743e+000
1.1796780e+001 -8.3579216e+000 4.3926687e+000
1.2180948e+001 -8.1659555e+000 4.4069386e+000
1.0803277e+001 -7.6659822e+000 4.3882608e+000
1.1178715e+001 -7.7980776e+000 4.3525696e+000
1.1585774e+001 -7.8680010e+000 4.3374410e+000
1.2023549e+001 -7.9010639e+000 4.4040856e+000
1.2495683e+001 -7.9041786e+000 4.5954227e+000
1.0767576e+001 -7.4302902e+000 4.5022354e+000
1.1212674e+001 -7.4211993e+000 4.4079614e+000
1.1665143e+001 -7.4345660e+000 4.3740973e+000
1.2130182e+001 -7.5481539e+000 4.5715308e+000
1.2610742e+001 -7.6639204e+000 4.7865634e+000
1.0897922e+001 -7.2188582e+000 4.5856962e+000
1.1310862e+001 -7.1516666e+000 4.5933170e+000
1.1725246e+001 -7.1599779e+000 4.6586695e+000
1.2130861e+001 -7.2485614e+000 4.7535925e+000
1.2550547e+001 -7.4055262e+000 4.8851428e+000
1.1192324e+001 -7.0403619e+000 4.6620994e+000
1.1465023e+001 -6.9437418e+000 4.8122306e+000
1.1737939e+001 -6.8991451e+000 4.8394961e+000
1.2022317e+001 -6.9628072e+000 4.8746276e+000
1.2313243e+001 -7.1245046e+000 4.8961754e+000

'Wolf_Pit_21
-9.0973444e+000 -3.3420584e+000 2.1308565e+000
-9.7269316e+000 -4.6950641e+000 2.2240720e+000
-9.9944925e+000 -3.8743305e+000 2.1180797e+000
-8.8506813e+000 -4.3827963e+000 2.3125973e+000
-9.4996576e+000 -4.3922334e+000 2.0186372e+000
-9.2249012e+000 -4.6362214e+000 2.2693405e+000
-8.9997711e+000 -4.5371923e+000 2.3174860e+000
-8.8506813e+000 -4.3827963e+000 2.3125973e+000
-8.7882071e+000 -4.1616912e+000 2.2731721e+000
-8.8212776e+000 -3.8688560e+000 2.2468421e+000
-9.4993858e+000 -4.7250791e+000 2.2346041e+000
-9.3530493e+000 -4.6425462e+000 2.2252526e+000
-9.2004900e+000 -4.4435115e+000 2.1528811e+000
-9.0634794e+000 -4.0604596e+000 2.1803603e+000
-8.9315319e+000 -3.5164056e+000 2.1817956e+000
-9.7269316e+000 -4.6950641e+000 2.2240720e+000
-9.6367645e+000 -4.6119452e+000 2.1512547e+000
-9.4996567e+000 -4.3922334e+000 2.0186372e+000
-9.3209772e+000 -3.9575379e+000 2.0574818e+000
-9.0973444e+000 -3.3420587e+000 2.1308565e+000
-9.9030361e+000 -4.5785756e+000 2.1741333e+000
-9.8709993e+000 -4.4316859e+000 2.1282649e+000
-9.7655125e+000 -4.1941695e+000 2.0461941e+000
-9.5811758e+000 -3.8312027e+000 2.0420890e+000
-9.3187437e+000 -3.3444247e+000 2.1307538e+000
-1.0028471e+001 -4.3550143e+000 2.1357627e+000
-1.0057606e+001 -4.0987968e+000 2.1156037e+000
-9.9944925e+000 -3.8743305e+000 2.1180794e+000
-9.8368750e+000 -3.6889560e+000 2.0671389e+000
-9.5933762e+000 -3.5252721e+000 2.1413763e+000

'Wolf_Pit_22
-9.9945974e+000 3.4576776e+000 1.5217199e+000
-9.9376183e+000 1.6690955e+000 1.8339121e+000
-1.0931778e+001 2.3823504e+000 1.5821447e+000
-9.2267504e+000 2.6346753e+000 1.7668281e+000
-9.9044008e+000 2.3950284e+000 1.5186410e+000
-9.4044361e+000 2.0135996e+000 1.8436240e+000
-9.2498302e+000 2.3195546e+000 1.7590753e+000
-9.2250156e+000 2.6354756e+000 1.7668349e+000
-9.2882748e+000 2.8905163e+000 1.6863849e+000
-9.4635067e+000 3.1249590e+000 1.6397043e+000
-9.6551580e+000 1.7783800e+000 1.8741320e+000
-9.5469103e+000 2.1065967e+000 1.7128825e+000
-9.5365152e+000 2.4972444e+000 1.6519817e+000
-9.5975857e+000 2.9311967e+000 1.6290754e+000
-9.7216988e+000 3.4030557e+000 1.5885121e+000
-9.9335165e+000 1.6529737e+000 1.8391873e+000
-9.9185686e+000 1.9916118e+000 1.6864594e+000
-9.9019899e+000 2.3931375e+000 1.5198658e+000
-9.9474955e+000 2.8931818e+000 1.5315989e+000
-9.9940214e+000 3.4609797e+000 1.5215214e+000
-1.0255327e+001 1.6547942e+000 1.7869943e+000
-1.0343894e+001 1.9794354e+000 1.6465163e+000
-1.0370564e+001 2.3568473e+000 1.5063304e+000
-1.0364956e+001 2.8069792e+000 1.5205445e+000
-1.0292115e+001 3.3092031e+000 1.5150726e+000
-1.0617552e+001 1.7801801e+000 1.7149543e+000
-1.0853398e+001 2.0833545e+000 1.6311710e+000
-1.0929079e+001 2.3791232e+000 1.5822735e+000
-1.0847459e+001 2.6667068e+000 1.5578259e+000
-1.0606803e+001 2.9413080e+000 1.5174392e+000

'Wolf_Pit_23
-5.7731266e+000 -1.3581024e+000 6.7202291e+000
-7.5890536e+000 2.3150860e-001 6.6992331e+000
-6.2140427e+000 4.0031084e-001 6.9760880e+000
-7.5634737e+000 -1.3064748e+000 6.4764009e+000
-6.7662530e+000 -2.8616366e-001 6.4279666e+000
-7.8063750e+000 -5.7264853e-001 6.5843334e+000
-7.7477288e+000 -1.0046413e+000 6.5399833e+000
-7.5634737e+000 -1.3064748e+000 6.4764009e+000
-7.2372742e+000 -1.4838234e+000 6.4373059e+000
-6.7721143e+000 -1.5627643e+000 6.4775338e+000
-7.7494607e+000 -1.1754629e-001 6.6462421e+000
-7.4775248e+000 -4.2429143e-001 6.4993539e+000
-7.1226835e+000 -7.8229755e-001 6.5123520e+000
-6.6944046e+000 -1.1543150e+000 6.4933305e+000
-6.1310043e+000 -1.5406795e+000 6.5369992e+000
-7.5890541e+000 2.3150860e-001 6.6992331e+000
-7.1956835e+000 3.6191680e-002 6.5231071e+000
-6.7662535e+000 -2.8616363e-001 6.4279666e+000
-6.3092608e+000 -7.6961058e-001 6.6013837e+000
-5.7731266e+000 -1.3581024e+000 6.7202291e+000
-7.3255253e+000 4.7829765e-001 6.7338271e+000
-6.8899384e+000 3.5948503e-001 6.6959758e+000
-6.4810109e+000 8.2335159e-002 6.7440119e+000
-6.0721250e+000 -3.5574764e-001 6.7980857e+000
-5.6456752e+000 -9.5307708e-001 6.8633475e+000
-6.9558477e+000 6.0998607e-001 6.7848287e+000
-6.5329795e+000 5.8496559e-001 6.8519349e+000
-6.2140427e+000 4.0031087e-001 6.9760880e+000
-5.9532871e+000 9.5639706e-002 7.0155759e+000
-5.7436142e+000 -3.3114430e-001 6.9535446e+000

'Wolf_Pit_24
-1.1759309e+001 -5.0559769e+000 5.4406261e+000
-1.2697053e+001 -2.7214942e+000 6.4730167e+000
-1.1367660e+001 -3.7228775e+000 6.3855076e+000
-1.3452337e+001 -3.8982029e+000 5.6880407e+000
-1.2288712e+001 -3.6330659e+000 6.0179214e+000
-1.3349067e+001 -3.1072972e+000 6.0953026e+000
-1.3485497e+001 -3.4961381e+000 5.8554711e+000
-1.3452337e+001 -3.8982027e+000 5.6880407e+000
-1.3231030e+001 -4.2653098e+000 5.5294261e+000
-1.2830312e+001 -4.6202059e+000 5.4094124e+000
-1.3059003e+001 -2.8367293e+000 6.3304577e+000
-1.3005950e+001 -3.2500954e+000 6.1107354e+000
-1.2835451e+001 -3.7069643e+000 5.8299780e+000
-1.2575173e+001 -4.2936864e+000 5.5972109e+000
-1.2207007e+001 -4.9601355e+000 5.3484721e+000
-1.2697053e+001 -2.7214940e+000 6.4730163e+000
-1.2509673e+001 -3.1175613e+000 6.2662845e+000
-1.2288712e+001 -3.6330657e+000 6.0179210e+000
-1.2051420e+001 -4.3072615e+000 5.7830071e+000
-1.1759309e+001 -5.0559773e+000 5.4406266e+000
-1.2272531e+001 -2.7855263e+000 6.5527072e+000
-1.2026152e+001 -3.1757693e+000 6.4229112e+000
-1.1815234e+001 -3.6751707e+000 6.2639952e+000
-1.1634379e+001 -4.2466431e+000 6.0114770e+000
-1.1474901e+001 -4.8880458e+000 5.6591487e+000
-1.1804006e+001 -3.0492778e+000 6.5984554e+000
-1.1533341e+001 -3.3789344e+000 6.5132742e+000
-1.1367660e+001 -3.7228777e+000 6.3855081e+000
-1.1301566e+001 -4.0728326e+000 6.1987600e+000
-1.1342528e+001 -4.4423776e+000 5.9799266e+000

'Wolf_Pit_25
9.0037149e-001 -4.7921443e+000 9.0510435e+000
3.3966150e+000 -4.0198903e+000 9.9680109e+000
2.4921343e+000 -5.2198725e+000 9.1783924e+000
1.7548474e+000 -3.4647412e+000 9.9177313e+000
2.1107478e+000 -4.2897191e+000 9.4839001e+000
2.7048583e+000 -3.5346727e+000 1.0059576e+001
2.1829913e+000 -3.4281371e+000 1.0028150e+001
1.7548474e+000 -3.4647412e+000 9.9177313e+000
1.4151759e+000 -3.6600182e+000 9.7607918e+000
1.1660068e+000 -4.0079327e+000 9.5448742e+000
3.1680551e+000 -3.7434940e+000 1.0069300e+001
2.5183995e+000 -3.7608595e+000 9.9104700e+000
1.9288472e+000 -3.8662081e+000 9.6888533e+000
1.3813978e+000 -4.1068597e+000 9.4895668e+000
8.8688719e-001 -4.4531527e+000 9.2572279e+000
3.3966150e+000 -4.0198903e+000 9.9680109e+000
2.7275527e+000 -4.1701622e+000 9.7880793e+000
2.1107478e+000 -4.2897186e+000 9.4839001e+000
1.4984902e+000 -4.5034981e+000 9.2468586e+000
9.0037149e-001 -4.7921443e+000 9.0510435e+000
3.3835952e+000 -4.3802171e+000 9.7789450e+000
2.8293042e+000 -4.6116018e+000 9.5942831e+000
2.2949224e+000 -4.7543430e+000 9.3343878e+000
1.7482206e+000 -4.9125185e+000 9.1409187e+000
1.2001505e+000 -5.0466814e+000 8.9511881e+000
3.1275144e+000 -4.8299789e+000 9.5085001e+000
2.8183601e+000 -5.0760970e+000 9.3299761e+000
2.4921343e+000 -5.2198725e+000 9.1783924e+000
2.1472411e+000 -5.2703075e+000 9.0629730e+000
1.7817960e+000 -5.2385020e+000 9.0051489e+000

'Wolf_Pit_26
-5.5967050e+000 4.2221894e+000 1.0598806e+001
-3.7352002e+000 4.1535516e+000 1.0941472e+001
-4.7135639e+000 3.1521933e+000 1.0558952e+001
-4.7502079e+000 4.9612422e+000 1.0874498e+001
-4.6316957e+000 3.8431737e+000 1.0640212e+001
-4.2392263e+000 4.7432165e+000 1.0948895e+001
-4.4743981e+000 4.9061599e+000 1.0895885e+001
-4.7502079e+000 4.9612422e+000 1.0874498e+001
-5.0541553e+000 4.9256554e+000 1.0806264e+001
-5.3955755e+000 4.7815914e+000 1.0767024e+001
-3.8955133e+000 4.4597096e+000 1.1004850e+001
-4.2810130e+000 4.3444986e+000 1.0919339e+001
-4.6864352e+000 4.3110800e+000 1.0842066e+001
-5.0958281e+000 4.3969631e+000 1.0692137e+001
-5.5508552e+000 4.5203118e+000 1.0678995e+001
-3.7352004e+000 4.1535516e+000 1.0941472e+001
-4.1962419e+000 3.8830671e+000 1.0857638e+001
-4.6316962e+000 3.8431735e+000 1.0640212e+001
-5.1108513e+000 3.9397388e+000 1.0609207e+001
-5.5967050e+000 4.2221894e+000 1.0598806e+001
-3.7784312e+000 3.8102314e+000 1.0871675e+001
-4.2232285e+000 3.5157993e+000 1.0749119e+001
-4.6509972e+000 3.4417338e+000 1.0593871e+001
-5.0882540e+000 3.5644078e+000 1.0524940e+001
-5.5311399e+000 3.8876884e+000 1.0520322e+001
-4.0262041e+000 3.4267149e+000 1.0798402e+001
-4.3759327e+000 3.2105381e+000 1.0662904e+001
-4.7135639e+000 3.1521933e+000 1.0558952e+001
-5.0444970e+000 3.2514677e+000 1.0507901e+001
-5.3661766e+000 3.5082741e+000 1.0499207e+001

'Wolf_Pit_27
-1.0588788e+000 -1.0274477e+000 7.2229853e+000
-2.4190741e+000 -3.1434125e-001 7.2183962e+000
-1.4657410e+000 -8.9699002e-003 7.3365717e+000
-2.1361594e+000 -1.1558152e+000 6.9800367e+000
-1.7881627e+000 -5.8811069e-001 7.0247660e+000
-2.4087901e+000 -7.4981546e-001 7.0779257e+000
-2.2959008e+000 -1.0026343e+000 7.0244308e+000
-2.1361594e+000 -1.1558151e+000 6.9800363e+000
-1.9223746e+000 -1.2203686e+000 6.9689655e+000
-1.6622208e+000 -1.2175529e+000 7.0564356e+000
-2.4717512e+000 -5.2862144e-001 7.1602116e+000
-2.2346423e+000 -7.2082013e-001 7.0784764e+000
-1.9629241e+000 -8.8818413e-001 7.0446920e+000
-1.6490668e+000 -1.0452254e+000 7.0886717e+000
-1.2774581e+000 -1.1747229e+000 7.1456370e+000
-2.4190741e+000 -3.1434143e-001 7.2183967e+000
-2.1164227e+000 -4.3340671e-001 7.0874715e+000
-1.7881625e+000 -5.8811069e-001 7.0247660e+000
-1.4404817e+000 -7.9101712e-001 7.1009288e+000
-1.0588788e+000 -1.0274477e+000 7.2229848e+000
-2.2487597e+000 -1.1442231e-001 7.2741385e+000
-1.9348106e+000 -1.6775788e-001 7.1651392e+000
-1.6227533e+000 -2.9898724e-001 7.1420274e+000
-1.3170307e+000 -5.0364125e-001 7.1970396e+000
-1.0019089e+000 -7.7010125e-001 7.2661896e+000
-1.9626507e+000 8.1937738e-002 7.2955666e+000
-1.6977476e+000 7.1692251e-002 7.3345933e+000
-1.4657410e+000 -8.9699263e-003 7.3365717e+000
-1.2741523e+000 -1.7347565e-001 7.3386307e+000
-1.1120652e+000 -4.0857732e-001 7.3000321e+000

'Wolf_Pit_28
2.0447106e+000 4.2779461e-002 7.7597914e+000
-3.0183411e-001 7.9360330e-001 7.6427183e+000
1.2604332e+000 1.6452726e+000 7.8043470e+000
3.8347864e-001 -5.9511322e-001 7.4879999e+000
1.0479386e+000 6.2596053e-001 7.6153517e+000
-1.1473442e-001 -2.9050291e-002 7.5421071e+000
9.1091357e-002 -3.7638441e-001 7.4925814e+000
3.8347861e-001 -5.9511316e-001 7.4879999e+000
7.5674862e-001 -6.8286866e-001 7.5425286e+000
1.2360431e+000 -6.3712561e-001 7.5507746e+000
-3.1470329e-001 4.1842383e-001 7.6166310e+000
2.4027041e-001 2.3252511e-001 7.5285392e+000
7.7238810e-001 4.0759839e-002 7.5423069e+000
1.2786484e+000 -1.5071611e-001 7.5663705e+000
1.7512927e+000 -3.4597149e-001 7.6584730e+000
-3.0183420e-001 7.9360330e-001 7.6427178e+000
4.1925490e-001 7.6047736e-001 7.6365638e+000
1.0479386e+000 6.2596053e-001 7.6153517e+000
1.5894470e+000 3.8573414e-001 7.6717339e+000
2.0447109e+000 4.2779502e-002 7.7597909e+000
-6.4651079e-002 1.0905669e+000 7.6317043e+000
6.2127101e-001 1.2097038e+000 7.7343006e+000
1.2099602e+000 1.1586154e+000 7.7202225e+000
1.7084668e+000 9.3071848e-001 7.7708206e+000
2.1151409e+000 5.2922982e-001 7.8514686e+000
4.0318701e-001 1.3135120e+000 7.7601709e+000
8.4453046e-001 1.5803040e+000 7.8165879e+000
1.2604332e+000 1.6452726e+000 7.8043466e+000
1.6359835e+000 1.4860764e+000 7.8570127e+000
1.9851794e+000 1.1186492e+000 7.8683581e+000

'Wolf_Pit_29
-4.8646798e+000 4.5309520e-001 5.8038616e+000
-9.1151679e-001 5.1662314e-001 5.5776291e+000
-2.5499618e+000 -1.0845064e+000 5.6140718e+000
-2.4544637e+000 2.6166549e+000 5.7178521e+000
-2.7551646e+000 9.1522783e-001 5.4708996e+000
-1.3141769e+000 1.8925008e+000 5.5893388e+000
-1.8745785e+000 2.4688239e+000 5.6805844e+000
-2.4544637e+000 2.6166549e+000 5.7178516e+000
-3.0355816e+000 2.3283637e+000 5.7641239e+000
-3.6331420e+000 1.6085416e+000 5.7662721e+000
-9.9266219e-001 1.1727495e+000 5.5924315e+000
-1.8136120e+000 1.6734053e+000 5.4987655e+000
-2.6323721e+000 1.7770367e+000 5.6558123e+000
-3.5455141e+000 1.5544418e+000 5.7528496e+000
-4.5356898e+000 9.9873841e-001 5.7816401e+000
-9.1151679e-001 5.1662308e-001 5.5776296e+000
-1.8056871e+000 8.2938200e-001 5.4307761e+000
-2.7551646e+000 9.1522777e-001 5.4708996e+000
-3.7609823e+000 7.7494121e-001 5.6513844e+000
-4.8646798e+000 4.5309520e-001 5.8038621e+000
-1.0707130e+000 -7.8007706e-002 5.5322485e+000
-1.8589895e+000 -6.2681973e-002 5.5042181e+000
-2.7139843e+000 -4.9715277e-002 5.5105619e+000
-3.6363852e+000 -3.4953743e-002 5.5971317e+000
-4.6257629e+000 -2.0938702e-002 5.7674751e+000
-1.4704900e+000 -6.0551614e-001 5.5089812e+000
-1.9884137e+000 -9.8386323e-001 5.5912685e+000
-2.5499618e+000 -1.0845064e+000 5.6140718e+000
-3.1596107e+000 -8.9827311e-001 5.6528468e+000
-3.8145161e+000 -4.2713961e-001 5.7075710e+000

'Wolf_Pit_30
-4.0066366e+000 -2.7602661e-001 1.6891117e+000
-2.8858881e+000 8.8769388e-001 1.5067058e+000
-2.9213896e+000 -8.8088311e-002 1.5769162e+000
-3.8310196e+000 8.0966896e-001 1.6349282e+000
-3.3982062e+000 2.7429298e-001 1.5134602e+000
-3.4054840e+000 1.0249691e+000 1.5537567e+000
-3.6560721e+000 9.4740772e-001 1.5924277e+000
-3.8355708e+000 8.0776119e-001 1.6356702e+000
-3.9465737e+000 6.0667348e-001 1.6632040e+000
-3.9885433e+000 3.4402275e-001 1.6792617e+000
-3.0988152e+000 1.0041150e+000 1.5303943e+000
-3.3701086e+000 7.7513385e-001 1.5179932e+000
-3.6209478e+000 5.2470303e-001 1.5529321e+000
-3.8535280e+000 2.5451374e-001 1.6238893e+000
-4.0767050e+000 -3.8508151e-002 1.6848019e+000
-2.8914883e+000 8.8809764e-001 1.5075073e+000
-3.1325166e+000 5.7764894e-001 1.4853846e+000
-3.3973465e+000 2.8059518e-001 1.5130131e+000
-3.6965587e+000 -5.8578774e-003 1.5421617e+000
-4.0049524e+000 -2.7227539e-001 1.6882116e+000
-2.7853680e+000 6.7668897e-001 1.4732864e+000
-2.9451203e+000 3.5513753e-001 1.4862131e+000
-3.1680574e+000 7.4204065e-002 1.4957387e+000
-3.4399750e+000 -1.6239861e-001 1.5855707e+000
-3.7782977e+000 -3.6347479e-001 1.6529596e+000
-2.7690151e+000 3.6933106e-001 1.5036132e+000
-2.8055387e+000 1.0658674e-001 1.5239053e+000
-2.9196739e+000 -9.1159232e-002 1.5770797e+000
-3.1152196e+000 -2.2869186e-001 1.5963038e+000
-3.3894663e+000 -3.0090147e-001 1.6326417e+000

'Dog_Pit_1
9.2693925e-001 -2.5295978e+000 4.9248862e-001
-5.1479340e-002 -8.8034958e-001 2.2780962e+000
8.1642032e-001 -1.0362695e+000 1.1592484e+000
-4.8337817e-002 -2.5172400e+000 1.8960390e+000
1.5523577e-001 -1.8056262e+000 1.3869007e+000
-4.5667470e-002 -1.6492729e+000 2.2730873e+000
-6.0306791e-002 -2.1606810e+000 2.1572301e+000
-4.8337746e-002 -2.5172400e+000 1.8960390e+000
1.5834977e-001 -2.7664313e+000 1.6064745e+000
4.2829496e-001 -2.8733277e+000 1.2224829e+000
-1.0965807e-001 -1.1924908e+000 2.3364296e+000
-6.6623837e-003 -1.7682942e+000 2.0776935e+000
6.5266356e-002 -2.1961753e+000 1.6392003e+000
4.1548225e-001 -2.5705345e+000 1.2498746e+000
7.1835548e-001 -2.7814469e+000 7.5265312e-001
-5.1479254e-002 -8.8034964e-001 2.2780962e+000
5.5952825e-002 -1.3935426e+000 1.8835654e+000
1.5523589e-001 -1.8056262e+000 1.3869007e+000
5.4871017e-001 -2.2221100e+000 9.7824830e-001
9.2693919e-001 -2.5295978e+000 4.9248856e-001
1.2951545e-001 -7.1371007e-001 2.0943727e+000
2.7451429e-001 -1.0856847e+000 1.6812357e+000
5.2255774e-001 -1.4583861e+000 1.2917881e+000
7.5846571e-001 -1.7905983e+000 8.6795229e-001
1.0806527e+000 -2.1183577e+000 4.6453679e-001
3.8963300e-001 -6.8456590e-001 1.7455767e+000
6.2171209e-001 -8.4095365e-001 1.4485511e+000
8.1642020e-001 -1.0362695e+000 1.1592482e+000
9.3952560e-001 -1.2685994e+000 8.5295075e-001
1.0700669e+000 -1.5383794e+000 5.8713198e-001

'Dog_Pit_2
1.8109746e+000 6.0766613e-001 -1.3928509e-001
3.2980466e+000 9.1657549e-001 -1.2280464e-001
2.7784183e+000 1.3470609e-001 -2.8608322e-002
2.6093256e+000 1.4202263e+000 -2.0759106e-001
2.6252885e+000 7.2163528e-001 -3.4283161e-001
3.0246613e+000 1.2295254e+000 -2.1221180e-001
2.8245184e+000 1.3892385e+000 -1.8944751e-001
2.6093256e+000 1.4202263e+000 -2.0759091e-001
2.3881350e+000 1.3186116e+000 -3.1730425e-001
2.1333055e+000 1.0960829e+000 -3.6287028e-001
3.2097185e+000 1.0962087e+000 -1.5171945e-001
2.9069965e+000 1.1080785e+000 -2.1019089e-001
2.5906353e+000 1.0720804e+000 -2.6727068e-001
2.2542250e+000 9.5679373e-001 -3.7480420e-001
1.8717047e+000 8.3620507e-001 -2.7567807e-001
3.2980468e+000 9.1657549e-001 -1.2280529e-001
2.9685488e+000 8.2070035e-001 -2.3981461e-001
2.6252882e+000 7.2163540e-001 -3.4283110e-001
2.2435007e+000 6.9741255e-001 -1.9419567e-001
1.8109746e+000 6.0766619e-001 -1.3928512e-001
3.2889876e+000 6.9089651e-001 -9.7640209e-002
2.9922702e+000 5.3663808e-001 -1.6830519e-001
2.6765616e+000 4.4197577e-001 -1.6984731e-001
2.3361511e+000 4.1095662e-001 -8.0892384e-002
1.9205167e+000 3.6271092e-001 -7.8411132e-002
3.1740706e+000 4.2340642e-001 -6.7216307e-002
2.9981406e+000 2.3761734e-001 -5.8975082e-002
2.7784185e+000 1.3470593e-001 -2.8608814e-002
2.5246036e+000 9.7360887e-002 -2.8847007e-002
2.2349582e+000 1.5120716e-001 2.4189176e-002

'Dog_Pit_3
2.2449999e+000 1.9454901e+000 -2.8546143e-001
5.9218729e-001 1.7765907e+000 -3.3590794e-001
1.2730190e+000 2.6582556e+000 -3.7280464e-001
1.2964385e+000 1.0616602e+000 -2.5285053e-001
1.3888603e+000 1.7835627e+000 -5.9195328e-001
8.0049026e-001 1.2226950e+000 -2.7877173e-001
1.0523447e+000 1.0836190e+000 -2.5023144e-001
1.3044324e+000 1.0628599e+000 -2.5557315e-001
1.5479071e+000 1.1412947e+000 -3.5897452e-001
1.8059388e+000 1.3616966e+000 -3.9226598e-001
6.4173824e-001 1.4924384e+000 -3.1839347e-001
1.0121306e+000 1.4261578e+000 -3.8596854e-001
1.3657669e+000 1.4096982e+000 -4.8264647e-001
1.7435843e+000 1.5006847e+000 -3.9943728e-001
2.1487353e+000 1.6760789e+000 -3.6349201e-001
5.8339536e-001 1.7708769e+000 -3.3164683e-001
9.9190456e-001 1.7707976e+000 -4.5539215e-001
1.3761988e+000 1.7874191e+000 -5.9168822e-001
1.7992902e+000 1.8533294e+000 -4.5715454e-001
2.2494817e+000 1.9557350e+000 -2.8198546e-001
6.1789829e-001 2.0501719e+000 -3.4923249e-001
9.8844993e-001 2.1475134e+000 -4.3892014e-001
1.3434589e+000 2.2047250e+000 -5.3634030e-001
1.7314162e+000 2.2278326e+000 -4.6119314e-001
2.1480756e+000 2.2201726e+000 -3.0430934e-001
7.4821329e-001 2.3330731e+000 -3.5899043e-001
1.0021971e+000 2.5619583e+000 -3.4190631e-001
1.2581308e+000 2.6593339e+000 -3.6786643e-001
1.5324594e+000 2.6290264e+000 -3.8709781e-001
1.8211814e+000 2.4591990e+000 -3.5816282e-001

'Dog_Pit_4
-3.0395710e+000 -1.8805957e+000 -3.5792351e-001
-3.2557220e+000 8.8289005e-001 -5.1726437e-001
-2.0415652e+000 -4.3060181e-001 -2.0982647e-001
-4.0203257e+000 -3.7639895e-001 -4.0307999e-001
-2.9692681e+000 -3.6286142e-001 -5.7731152e-001
-3.9726493e+000 4.4231692e-001 -4.1185102e-001
-4.0433726e+000 3.5130534e-002 -3.8927293e-001
-4.0203257e+000 -3.7639901e-001 -4.0307921e-001
-3.8980360e+000 -7.9385108e-001 -4.4443819e-001
-3.6978793e+000 -1.2182620e+000 -4.0161422e-001
-3.6409454e+000 7.7584440e-001 -4.8481023e-001
-3.5532472e+000 2.2855243e-001 -4.7846276e-001
-3.4827759e+000 -3.6833835e-001 -4.8271883e-001
-3.4278686e+000 -1.0055677e+000 -4.7055373e-001
-3.3903890e+000 -1.6967889e+000 -3.6980554e-001
-3.2557220e+000 8.8289005e-001 -5.1726472e-001
-3.0690181e+000 2.9269955e-001 -5.6065422e-001
-2.9692678e+000 -3.6286142e-001 -5.7731140e-001
-2.9598477e+000 -1.0877684e+000 -5.0217402e-001
-3.0395713e+000 -1.8805956e+000 -3.5792369e-001
-2.8181612e+000 7.6596749e-001 -4.8240376e-001
-2.5948746e+000 2.1726243e-001 -4.6592453e-001
-2.4898126e+000 -3.9143363e-001 -4.0941036e-001
-2.5110548e+000 -1.0477725e+000 -4.0869501e-001
-2.6586530e+000 -1.7667679e+000 -3.0422473e-001
-2.3278689e+000 4.2423868e-001 -3.8916495e-001
-2.1212735e+000 5.6139962e-003 -2.8529963e-001
-2.0415652e+000 -4.3060181e-001 -2.0982611e-001
-2.0779245e+000 -8.8349819e-001 -2.3843107e-001
-2.2359595e+000 -1.3558460e+000 -2.6104912e-001

'Dog_Pit_5
4.2951288e+000 6.1864376e-001 7.7193260e-002
6.6526217e+000 -1.3898471e-001 5.2288342e-001
5.5904970e+000 -7.4636370e-001 3.2158470e-001
5.9552026e+000 8.2376349e-001 2.2772598e-001
5.7425351e+000 1.5448849e-001 1.7018127e-001
6.5461473e+000 4.2892942e-001 3.8702393e-001
6.2717609e+000 6.6213781e-001 3.0135471e-001
5.9552026e+000 8.2376343e-001 2.2772573e-001
5.6113615e+000 9.0598363e-001 1.2304619e-001
5.2207203e+000 9.2011702e-001 6.4716496e-002
6.6590500e+000 1.2964995e-001 4.9552613e-001
6.3129888e+000 3.3289251e-001 2.9447496e-001
5.8255763e+000 5.1852185e-001 2.2118919e-001
5.2638292e+000 6.7906660e-001 7.0840120e-002
4.5660682e+000 8.1072503e-001 8.4674917e-003
6.6526217e+000 -1.3898472e-001 5.2288336e-001
6.2594028e+000 -1.3463155e-002 3.2965323e-001
5.7425351e+000 1.5448850e-001 1.7018144e-001
5.0787630e+000 3.6943814e-001 1.4304940e-001
4.2951288e+000 6.1864394e-001 7.7193804e-002
6.5126877e+000 -3.6870074e-001 5.0065619e-001
6.1177559e+000 -3.7286499e-001 3.9372879e-001
5.6595831e+000 -2.6720682e-001 2.1741866e-001
5.0726786e+000 -2.6908917e-002 2.1437302e-001
4.4008718e+000 3.2061142e-001 1.7349337e-001
6.2327552e+000 -5.5677903e-001 4.6184155e-001
5.9210544e+000 -7.5878942e-001 3.7412149e-001
5.5904970e+000 -7.4636370e-001 3.2158464e-001
5.2496638e+000 -5.3158945e-001 2.6506779e-001
4.8824601e+000 -8.7050930e-002 2.9048845e-001

'Dog_Pit_6
-1.6861305e+000 2.7874751e+000 -5.3734398e-001
-4.3669405e+000 3.0440876e+000 -7.4615002e-001
-3.1942718e+000 3.8523133e+000 -6.6864872e-001
-3.5922680e+000 2.0082896e+000 -4.4432640e-001
-3.2809038e+000 3.0293496e+000 -8.8155937e-001
-4.1803446e+000 2.5271657e+000 -6.0119694e-001
-3.9801698e+000 2.1617298e+000 -5.5464005e-001
-3.5922682e+000 2.0082893e+000 -4.4432673e-001
-3.1690392e+000 1.9622740e+000 -5.8582503e-001
-2.5870793e+000 2.1972694e+000 -5.5918956e-001
-4.3539810e+000 2.7746513e+000 -6.5804887e-001
-3.9233661e+000 2.6640251e+000 -6.2114710e-001
-3.3973207e+000 2.5753801e+000 -5.9687048e-001
-2.7379336e+000 2.4922018e+000 -6.6177243e-001
-1.9485412e+000 2.4814045e+000 -5.1045460e-001
-4.3669405e+000 3.0440874e+000 -7.4615008e-001
-3.8878994e+000 3.0687065e+000 -8.4904194e-001
-3.2809041e+000 3.0293498e+000 -8.8155872e-001
-2.5568061e+000 2.9393284e+000 -7.3835015e-001
-1.6861305e+000 2.7874751e+000 -5.3734404e-001
-4.1951680e+000 3.3547039e+000 -7.8481913e-001
-3.7563891e+000 3.4676888e+000 -8.0782342e-001
-3.2185206e+000 3.4638441e+000 -8.0430382e-001
-2.6091950e+000 3.3544753e+000 -6.2386817e-001
-1.8373672e+000 3.1402795e+000 -5.6984770e-001
-3.8485477e+000 3.7042871e+000 -7.8177112e-001
-3.5390906e+000 3.8340299e+000 -7.0137167e-001
-3.1942718e+000 3.8523133e+000 -6.6864842e-001
-2.8228235e+000 3.7511034e+000 -5.9868997e-001
-2.4204643e+000 3.5368965e+000 -5.5737388e-001

'Dog_Pit_7
2.8026509e+000 2.9549010e+000 -2.3650455e-001
4.7480226e-001 5.5669093e+000 -5.6332779e-001
2.6731696e+000 5.0319586e+000 -2.4228716e-001
6.9478655e-001 3.5783911e+000 -4.2754555e-001
1.4254596e+000 4.5171919e+000 -6.7764091e-001
3.7679255e-001 4.6073341e+000 -5.2969998e-001
4.4834167e-001 4.0310431e+000 -4.4746047e-001
6.9478655e-001 3.5783911e+000 -4.2754540e-001
1.1229658e+000 3.2529304e+000 -4.0628651e-001
1.7275193e+000 3.0600815e+000 -3.7504852e-001
2.8916764e-001 5.1897125e+000 -5.4070950e-001
5.5247331e-001 4.6666522e+000 -5.5491996e-001
9.8510766e-001 4.1029029e+000 -5.8341134e-001
1.5875465e+000 3.5027769e+000 -4.9524096e-001
2.3426075e+000 2.8693752e+000 -2.5337735e-001
4.7480223e-001 5.5669093e+000 -5.6332713e-001
8.8845998e-001 5.1062994e+000 -6.4065367e-001
1.4254596e+000 4.5171924e+000 -6.7764080e-001
2.0687847e+000 3.7981410e+000 -5.5897778e-001
2.8026509e+000 2.9549007e+000 -2.3650481e-001
9.5324719e-001 5.7524958e+000 -5.3312957e-001
1.4428532e+000 5.3589149e+000 -4.9991038e-001
1.9663786e+000 4.8169823e+000 -4.6164364e-001
2.5238719e+000 4.1505966e+000 -4.0460575e-001
3.1228514e+000 3.3336413e+000 -4.1447634e-001
1.7015452e+000 5.7549586e+000 -3.8180906e-001
2.2343731e+000 5.4268823e+000 -2.5868064e-001
2.6731696e+000 5.0319586e+000 -2.4228676e-001
3.0020106e+000 4.5510268e+000 -2.2652312e-001
3.2347100e+000 4.0237260e+000 -3.6027887e-001

'Dog_Pit_8
-2.0165880e+000 -2.3126447e+000 -2.7002335e-001
4.8307234e-001 -2.9085073e+000 -1.0837936e-001
-1.0715171e+000 -3.4898379e+000 -2.4184990e-001
-4.0575087e-001 -1.7118015e+000 -1.1296463e-001
-1.3656713e-001 -2.8084633e+000 -3.7151432e-001
1.9582286e-001 -2.2024610e+000 -1.5280908e-001
-6.8685994e-002 -1.8811947e+000 -1.3003498e-001
-4.0575081e-001 -1.7118015e+000 -1.1296484e-001
-7.9793066e-001 -1.6886154e+000 -1.4925468e-001
-1.2563454e+000 -1.8173493e+000 -1.8714476e-001
4.5958483e-001 -2.5948834e+000 -7.8611381e-002
2.7790895e-001 -2.4614177e+000 -1.6203782e-001
-1.2888333e-001 -2.3191288e+000 -2.7240133e-001
-8.2403898e-001 -2.1763136e+000 -2.6075852e-001
-1.7718276e+000 -2.0310204e+000 -2.1312609e-001
4.8307231e-001 -2.9085073e+000 -1.0837910e-001
2.8683767e-001 -2.9202626e+000 -1.6295353e-001
-1.3726003e-001 -2.8181987e+000 -3.7147638e-001
-9.2910123e-001 -2.6112483e+000 -3.1880510e-001
-2.0165880e+000 -2.3126447e+000 -2.7002281e-001
2.4266276e-001 -3.1662889e+000 -1.5793961e-001
-2.7034871e-002 -3.2597482e+000 -1.7986912e-001
-4.5840460e-001 -3.2065172e+000 -3.2579240e-001
-1.1150337e+000 -3.0000131e+000 -2.7593660e-001
-1.9693758e+000 -2.6459846e+000 -1.6874334e-001
-2.6233050e-001 -3.3617504e+000 -2.1916649e-001
-6.9274741e-001 -3.4986482e+000 -2.8248167e-001
-1.0715172e+000 -3.4898379e+000 -2.4184971e-001
-1.3926278e+000 -3.3467984e+000 -2.1285148e-001
-1.6663449e+000 -3.0651569e+000 -1.8855266e-001

'Dog_Pit_9
3.7370381e+000 5.3234062e+000 7.5032520e-001
4.8403788e+000 6.4553404e+000 6.6108036e-001
4.9622898e+000 5.5079274e+000 7.7340126e-001
3.8925443e+000 6.5129809e+000 6.1664963e-001
4.4468045e+000 5.9693155e+000 4.0480900e-001
4.3961124e+000 6.6217446e+000 5.6517750e-001
4.1033330e+000 6.6246152e+000 6.3456476e-001
3.8925443e+000 6.5129809e+000 6.1664927e-001
3.7579937e+000 6.2850466e+000 6.3227105e-001
3.7132194e+000 5.9598784e+000 7.1797091e-001
4.6405435e+000 6.5743222e+000 6.2744749e-001
4.3879361e+000 6.4264526e+000 5.9166437e-001
4.1538062e+000 6.2170086e+000 5.2832365e-001
3.9150534e+000 5.9448085e+000 5.8363247e-001
3.6528203e+000 5.5922031e+000 7.6068693e-001
4.8403788e+000 6.4553404e+000 6.6108054e-001
4.6282473e+000 6.1968412e+000 6.2534177e-001
4.4468045e+000 5.9693155e+000 4.0480852e-001
4.1215711e+000 5.6569672e+000 5.7191777e-001
3.7370379e+000 5.3234062e+000 7.5032461e-001
4.9962602e+000 6.2659969e+000 6.7563975e-001
4.8819818e+000 5.9785213e+000 6.3249648e-001
4.6988897e+000 5.7167025e+000 5.5431265e-001
4.4007382e+000 5.4512320e+000 6.1129427e-001
3.9936688e+000 5.1848083e+000 7.8598261e-001
5.1039124e+000 6.0071473e+000 6.9045615e-001
5.0870523e+000 5.7441931e+000 7.2858059e-001
4.9622898e+000 5.5079274e+000 7.7340114e-001
4.7360482e+000 5.3060484e+000 7.4913025e-001
4.4041114e+000 5.1414838e+000 7.6481426e-001

'Dog_Pit_10
-2.4348447e-001 6.1242967e+000 8.6726379e-001
-1.4203668e+000 8.0521154e+000 6.0224533e-001
-3.8969278e-001 7.7527685e+000 5.3533173e-001
-1.6598057e+000 6.6950517e+000 8.9019966e-001
-1.1125363e+000 7.4329386e+000 3.1009960e-001
-1.6268647e+000 7.3917394e+000 7.2745866e-001
-1.7137990e+000 7.0198727e+000 8.5488677e-001
-1.6598057e+000 6.6950517e+000 8.9019972e-001
-1.4479537e+000 6.4462481e+000 9.3776256e-001
-1.0935680e+000 6.2417130e+000 8.6298794e-001
-1.5675870e+000 7.7968974e+000 6.5688121e-001
-1.5538491e+000 7.5772333e+000 6.8700111e-001
-1.4131826e+000 7.1693349e+000 6.4335644e-001
-1.0850166e+000 6.6703429e+000 7.3341620e-001
-5.7634979e-001 6.0543613e+000 8.6758506e-001
-1.4203668e+000 8.0521154e+000 6.0224521e-001
-1.3177136e+000 7.9217377e+000 5.7317573e-001
-1.1125363e+000 7.4329386e+000 3.1009978e-001
-7.6009649e-001 6.8988051e+000 5.8234322e-001
-2.4348445e-001 6.1242962e+000 8.6726367e-001
-1.2036787e+000 8.1338167e+000 4.9465284e-001
-9.9449968e-001 8.0256586e+000 4.7498021e-001
-7.6461822e-001 7.6831617e+000 4.4819206e-001
-4.7018635e-001 7.1656275e+000 6.1761183e-001
-9.3962312e-002 6.4378185e+000 8.1504488e-001
-8.7994438e-001 8.0883484e+000 4.8908740e-001
-5.9738380e-001 7.9761362e+000 5.2394950e-001
-3.8969272e-001 7.7527685e+000 5.3533190e-001
-2.3138687e-001 7.4271264e+000 6.0244691e-001
-1.2715745e-001 6.9981222e+000 7.1940994e-001

'Dog_Pit_11
9.6056664e-001 -3.9869061e+000 2.5487900e-002
-6.3160986e-001 -2.2911909e+000 6.0920429e-001
7.4671799e-001 -2.1062427e+000 5.9184074e-001
-6.8898690e-001 -3.5189419e+000 1.0415840e-001
-3.0629784e-003 -2.7351086e+000 7.1913719e-002
-9.4590086e-001 -2.7821474e+000 2.7708209e-001
-8.7251019e-001 -3.1725438e+000 1.6987173e-001
-6.8898690e-001 -3.5189419e+000 1.0415829e-001
-3.9416048e-001 -3.8140624e+000 2.8489102e-002
1.1879360e-002 -4.0597248e+000 -4.4705480e-002
-8.2909167e-001 -2.4930019e+000 4.2591482e-001
-6.4911014e-001 -2.7479491e+000 1.6542566e-001
-3.7071946e-001 -3.1516669e+000 1.6766372e-001
5.8665790e-002 -3.5981150e+000 3.8125128e-002
5.9977663e-001 -4.1289372e+000 -4.5161691e-002
-6.3160992e-001 -2.2911911e+000 6.0920453e-001
-3.6797750e-001 -2.4414380e+000 3.3280849e-001
-3.0630573e-003 -2.7351086e+000 7.1914382e-002
4.3469363e-001 -3.2788231e+000 2.6247289e-002
9.6056664e-001 -3.9869061e+000 2.5488008e-002
-3.3877227e-001 -2.1123762e+000 7.0594364e-001
2.1034181e-003 -2.1947060e+000 5.2129537e-001
3.5877487e-001 -2.4449015e+000 3.2942101e-001
7.1349633e-001 -2.9803381e+000 3.2056677e-001
1.0917177e+000 -3.6471958e+000 2.0227128e-001
5.3656418e-002 -1.9311372e+000 6.8156666e-001
4.5954520e-001 -1.9558804e+000 6.9777584e-001
7.4671799e-001 -2.1062429e+000 5.9184116e-001
9.2998135e-001 -2.4894311e+000 5.0171763e-001
1.0019447e+000 -3.0790710e+000 3.9996985e-001

'Dog_Pit_12
4.7235413e+000 8.2925159e-001 1.2856369e+000
3.6901426e-001 3.1954992e-001 1.0711665e+000
2.1224494e+000 2.0569127e+000 1.1372652e+000
2.1449001e+000 -5.4052711e-001 1.0253735e+000
2.7215414e+000 5.9312618e-001 3.7495327e-001
9.6057630e-001 -3.9265224e-001 8.3204126e-001
1.5738428e+000 -5.2681088e-001 8.1841832e-001
2.1448998e+000 -5.4052711e-001 1.0253735e+000
2.7341864e+000 -4.7087666e-001 1.1757512e+000
3.3797736e+000 -3.0700937e-001 1.2343862e+000
4.9244282e-001 -8.5710309e-002 9.3627816e-001
1.5889249e+000 -8.1834421e-002 6.6185528e-001
2.5750320e+000 -1.4057260e-002 9.9989188e-001
3.4793425e+000 1.0140981e-001 9.8957509e-001
4.3637590e+000 2.9946828e-001 1.2251211e+000
3.6901414e-001 3.1955004e-001 1.0711662e+000
1.6284748e+000 4.5042014e-001 6.1491251e-001
2.7215414e+000 5.9312618e-001 3.7495324e-001
3.7989178e+000 7.0620739e-001 8.5914361e-001
4.7235413e+000 8.2925153e-001 1.2856374e+000
5.6507635e-001 8.2268560e-001 1.1590354e+000
1.6357595e+000 1.0930688e+000 8.0476588e-001
2.6760097e+000 1.2774975e+000 7.3790288e-001
3.5948904e+000 1.3468714e+000 8.9036137e-001
4.4674768e+000 1.2956972e+000 1.2963959e+000
1.0724721e+000 1.4475734e+000 1.1762903e+000
1.5483253e+000 1.8654459e+000 1.1820133e+000
2.1224496e+000 2.0569127e+000 1.1372653e+000
2.8663483e+000 2.0137470e+000 1.1463226e+000
3.6681423e+000 1.7297190e+000 1.0059948e+000

'Dog_Pit_13
-5.0259347e+000 1.4029795e+000 1.3605175e+000
-6.4377823e+000 2.9831648e+000 1.4387293e+000
-5.1810136e+000 2.7978704e+000 1.4837713e+000
-6.4350166e+000 1.8184667e+000 1.6363678e+000
-5.7625289e+000 2.3889544e+000 1.1790066e+000
-6.5765815e+000 2.4285979e+000 1.6729329e+000
-6.5540872e+000 2.1138670e+000 1.6539682e+000
-6.4350166e+000 1.8184667e+000 1.6363679e+000
-6.2185154e+000 1.5484952e+000 1.5221086e+000
-5.9002266e+000 1.2976447e+000 1.3965942e+000
-6.5793309e+000 2.7649915e+000 1.5047898e+000
-6.3568196e+000 2.4658186e+000 1.5709107e+000
-6.0875750e+000 2.1231194e+000 1.3233757e+000
-5.7614422e+000 1.7220736e+000 1.2987864e+000
-5.3799281e+000 1.2684406e+000 1.3934394e+000
-6.4377823e+000 2.9831648e+000 1.4387294e+000
-6.1028285e+000 2.7252808e+000 1.3843124e+000
-5.7625284e+000 2.3889546e+000 1.1790069e+000
-5.4020138e+000 1.9448771e+000 1.2188179e+000
-5.0259347e+000 1.4029794e+000 1.3605173e+000
-6.1566072e+000 3.0757787e+000 1.4282253e+000
-5.7942228e+000 2.8741386e+000 1.4350358e+000
-5.4583511e+000 2.5914047e+000 1.3771256e+000
-5.1387420e+000 2.2117794e+000 1.3328954e+000
-4.8337693e+000 1.7082194e+000 1.3560326e+000
-5.7369337e+000 3.0501115e+000 1.4510739e+000
-5.4359441e+000 2.9593022e+000 1.5146439e+000
-5.1810136e+000 2.7978704e+000 1.4837713e+000
-4.9718103e+000 2.5384715e+000 1.4235182e+000
-4.8049846e+000 2.1821444e+000 1.3632793e+000

'Dog_Pit_14
-5.8069100e+000 -1.4267329e+000 7.3301029e-001
-2.9703579e+000 -3.2741759e+000 1.4900112e-001
-4.8793435e+000 -3.4977343e+000 1.0478401e-001
-3.2588768e+000 -1.5637727e+000 7.3169708e-001
-4.0971317e+000 -2.5915155e+000 -1.3962936e-001
-2.6740222e+000 -2.3686860e+000 3.5529134e-001
-2.8794913e+000 -1.8960693e+000 5.6110191e-001
-3.2588768e+000 -1.5637727e+000 7.3169708e-001
-3.8036194e+000 -1.3471084e+000 8.1155926e-001
-4.5160751e+000 -1.2608520e+000 8.3077490e-001
-2.7356057e+000 -2.8656867e+000 1.9063485e-001
-3.1230438e+000 -2.4986129e+000 1.1045173e-001
-3.6911747e+000 -2.0841830e+000 1.1229930e-001
-4.4332175e+000 -1.6497158e+000 3.6088622e-001
-5.3563633e+000 -1.1963344e+000 8.0693901e-001
-2.9703579e+000 -3.2741759e+000 1.4900109e-001
-3.4412220e+000 -2.9929516e+000 -3.4239091e-002
-4.0971317e+000 -2.5915155e+000 -1.3962920e-001
-4.8916492e+000 -2.0521555e+000 8.5775651e-002
-5.8069105e+000 -1.4267333e+000 7.3301077e-001
-3.3580797e+000 -3.5524991e+000 -1.8393490e-003
-3.8856075e+000 -3.3843677e+000 -1.3436058e-001
-4.4591160e+000 -3.0663486e+000 -1.9869208e-002
-5.1305466e+000 -2.5949287e+000 1.8585902e-001
-5.8714437e+000 -1.9172109e+000 5.5445129e-001
-3.9000564e+000 -3.7142003e+000 -1.3673401e-001
-4.4343224e+000 -3.6749771e+000 -4.4028483e-002
-4.8793440e+000 -3.4977343e+000 1.0478400e-001
-5.2432675e+000 -3.1825430e+000 2.4854070e-001
-5.5385427e+000 -2.7155352e+000 3.5553369e-001

'Dog_Pit_15
-2.8944936e+000 1.7923074e+000 1.2415876e+000
-1.1192274e+000 3.4131616e-001 9.5191002e-001
-2.3130510e+000 2.6365751e-001 9.4991016e-001
-1.1716962e+000 1.5253932e+000 1.0883856e+000
-1.6088409e+000 6.8254548e-001 7.2051811e-001
-9.0619272e-001 9.1848618e-001 1.0939494e+000
-9.7540593e-001 1.2593750e+000 1.0799671e+000
-1.1716963e+000 1.5253930e+000 1.0883862e+000
-1.4867523e+000 1.7352908e+000 1.0647894e+000
-1.9328928e+000 1.8500329e+000 1.0960286e+000
-9.6639597e-001 5.8663070e-001 1.0045443e+000
-1.0988960e+000 7.5342339e-001 9.9735653e-001
-1.3607558e+000 1.0477710e+000 8.5741490e-001
-1.8460823e+000 1.4391521e+000 9.6345371e-001
-2.5338085e+000 1.9387054e+000 1.2093487e+000
-1.1192272e+000 3.4131619e-001 9.5190930e-001
-1.2915775e+000 4.1508862e-001 8.6016738e-001
-1.6088409e+000 6.8254554e-001 7.2051829e-001
-2.1521611e+000 1.1413592e+000 8.8700765e-001
-2.8944938e+000 1.7923075e+000 1.2415870e+000
-1.3587253e+000 1.8442680e-001 9.1214454e-001
-1.5939218e+000 2.0867242e-001 8.7282956e-001
-1.9325876e+000 4.1916627e-001 8.3455545e-001
-2.4048965e+000 8.2095951e-001 9.2961711e-001
-3.0128484e+000 1.4122959e+000 1.1998243e+000
-1.6880660e+000 1.1560532e-001 9.0071166e-001
-2.0045934e+000 1.3957402e-001 9.6369487e-001
-2.3130510e+000 2.6365745e-001 9.4991070e-001
-2.6117792e+000 4.8227522e-001 1.0001026e+000
-2.9005284e+000 7.9995918e-001 1.0457088e+000

'Dog_Pit_16
5.4041586e+000 1.6087075e-001 1.0873051e+000
4.1890883e+000 -1.5418019e+000 5.0916672e-001
3.9720573e+000 -5.8729845e-001 7.5918579e-001
5.2443867e+000 -1.5214362e+000 7.1854353e-001
4.5854645e+000 -9.3826300e-001 4.3813801e-001
4.7080770e+000 -1.8013282e+000 5.8954895e-001
5.0062280e+000 -1.7319289e+000 6.5375477e-001
5.2443867e+000 -1.5214362e+000 7.1854335e-001
5.4164252e+000 -1.1692841e+000 8.2466316e-001
5.5247483e+000 -6.7461795e-001 9.5108002e-001
4.4161301e+000 -1.6906664e+000 5.3073156e-001
4.6301150e+000 -1.5115386e+000 5.1833057e-001
4.8950391e+000 -1.2011225e+000 5.7936585e-001
5.2008190e+000 -7.5110686e-001 7.9505372e-001
5.5559902e+000 -1.3718659e-001 1.0643772e+000
4.1890883e+000 -1.5418018e+000 5.0916731e-001
4.3246379e+000 -1.2925198e+000 4.7935796e-001
4.5854645e+000 -9.3826300e-001 4.3813810e-001
4.9319973e+000 -4.6271721e-001 7.4249709e-001
5.4041586e+000 1.6087066e-001 1.0873052e+000
4.0315757e+000 -1.3450570e+000 6.2497741e-001
4.0862656e+000 -1.0782707e+000 5.6122869e-001
4.2730150e+000 -7.3522419e-001 5.4751909e-001
4.5960555e+000 -3.3111340e-001 8.3473021e-001
5.0657172e+000 1.9131012e-001 1.0974450e+000
3.9157672e+000 -1.1097209e+000 6.9646591e-001
3.9017594e+000 -8.6284196e-001 7.6351094e-001
3.9720573e+000 -5.8729845e-001 7.5918567e-001
4.1904073e+000 -2.9794464e-001 8.3344084e-001
4.5460310e+000 -1.5523085e-002 1.0246279e+000

'Dog_Pit_17
8.3334770e+000 -5.4262930e-001 1.1812067e+000
6.7520452e+000 2.3682070e-001 1.3828845e+000
7.6405182e+000 5.0650531e-001 1.4456639e+000
7.2111177e+000 -1.0046241e+000 1.1556883e+000
7.3055449e+000 -4.6822581e-002 1.0416908e+000
6.7057734e+000 -4.1211703e-001 1.1984215e+000
6.9532256e+000 -7.8634363e-001 1.1409342e+000
7.2097087e+000 -1.0007634e+000 1.1564634e+000
7.4953480e+000 -1.0361469e+000 1.1713094e+000
7.8102279e+000 -8.9216387e-001 1.1725922e+000
6.6760631e+000 -5.7544269e-002 1.3291309e+000
6.8977904e+000 -2.8462481e-001 1.1503633e+000
7.2053876e+000 -4.8621431e-001 1.1436026e+000
7.6278415e+000 -6.3146734e-001 1.1083580e+000
8.1528034e+000 -7.5380766e-001 1.1921095e+000
6.7327509e+000 2.2206470e-001 1.3906811e+000
6.9657645e+000 1.0970827e-001 1.2436011e+000
7.2959857e+000 -4.6246786e-002 1.0410395e+000
7.7553964e+000 -2.7082998e-001 1.0657709e+000
8.3384361e+000 -5.5942386e-001 1.1944927e+000
6.8737726e+000 4.3626040e-001 1.3664774e+000
7.1193147e+000 4.0204838e-001 1.2819967e+000
7.4378638e+000 2.7704838e-001 1.2373377e+000
7.8513722e+000 5.7747550e-002 1.1979405e+000
8.3882608e+000 -2.8490743e-001 1.1760819e+000
7.1250763e+000 5.5868500e-001 1.3803177e+000
7.3876762e+000 5.8588773e-001 1.4232262e+000
7.6541367e+000 5.1405030e-001 1.4505533e+000
7.9287462e+000 3.5344705e-001 1.4331611e+000
8.2110367e+000 1.0208497e-001 1.3763611e+000

'Dog_Pit_18
-2.6336002e-001 7.4781559e-002 3.4202943e+000
-1.0671616e+000 -1.9235356e+000 2.6427732e+000
-1.7203016e+000 -1.4917408e+000 3.6031513e+000
6.0051918e-002 -1.1672461e+000 2.0935850e+000
-1.1917052e+000 -1.3194618e+000 2.8196349e+000
-4.6414798e-001 -1.6834825e+000 2.2533207e+000
-1.4921020e-001 -1.4521029e+000 2.0759311e+000
6.0051907e-002 -1.1672461e+000 2.0935850e+000
1.3064888e-001 -8.1378287e-001 2.2722714e+000
8.6138867e-002 -4.0575528e-001 2.6334822e+000
-7.7890217e-001 -1.8340430e+000 2.4290011e+000
-7.6016837e-001 -1.6310314e+000 2.3861737e+000
-6.2844402e-001 -1.2669438e+000 2.4751141e+000
-3.4641314e-001 -7.6572448e-001 2.7373729e+000
-1.6208470e-002 -2.9296448e-002 3.0851321e+000
-1.0671616e+000 -1.9235357e+000 2.6427732e+000
-1.1998273e+000 -1.7806220e+000 2.7448652e+000
-1.1917050e+000 -1.3194622e+000 2.8196352e+000
-8.2276762e-001 -7.6325303e-001 3.0996103e+000
-2.6336023e-001 7.4781761e-002 3.4202940e+000
-1.3604832e+000 -1.9369562e+000 2.8594611e+000
-1.5346444e+000 -1.8208594e+000 3.0797389e+000
-1.5130818e+000 -1.4486951e+000 3.2407870e+000
-1.1807004e+000 -9.0911418e-001 3.4584596e+000
-6.0581642e-001 -1.3514081e-001 3.6818521e+000
-1.6019912e+000 -1.9037570e+000 3.1343184e+000
-1.7590591e+000 -1.7513652e+000 3.3939648e+000
-1.7203014e+000 -1.4917412e+000 3.6031516e+000
-1.4652213e+000 -1.1529083e+000 3.7753451e+000
-1.0763923e+000 -6.3102490e-001 3.8462968e+000

'Dog_Pit_19
1.1104918e+000 -4.6658352e-001 1.2653694e+000
1.0856762e+000 -2.5236788e+000 -5.2608585e-001
1.7123318e-001 -2.2008934e+000 1.0427952e+000
1.9132071e+000 -1.0845989e+000 -4.4385481e-001
7.7874470e-001 -1.4682044e+000 3.1737328e-001
1.6246042e+000 -1.8493884e+000 -7.5101185e-001
1.8097816e+000 -1.4551996e+000 -6.7511743e-001
1.9132069e+000 -1.0845989e+000 -4.4385499e-001
1.8179228e+000 -6.5080309e-001 -1.7714885e-001
1.6800994e+000 -2.5120428e-001 2.4273106e-001
1.3356651e+000 -2.2516227e+000 -6.9958800e-001
1.2907213e+000 -1.7377954e+000 -4.1218913e-001
1.3073958e+000 -1.2463777e+000 -3.6075551e-002
1.4457029e+000 -8.0432671e-001 4.6852377e-001
1.4471092e+000 -2.8946510e-001 8.9429396e-001
1.0856769e+000 -2.5236790e+000 -5.2608562e-001
8.6850208e-001 -1.9960935e+000 -1.0869129e-001
7.7874506e-001 -1.4682045e+000 3.1737351e-001
9.2806005e-001 -9.8893660e-001 8.2799137e-001
1.1104921e+000 -4.6658379e-001 1.2653698e+000
8.5076118e-001 -2.6563890e+000 -2.4383938e-001
5.9848809e-001 -2.2690134e+000 2.8079772e-001
4.1027606e-001 -1.7914284e+000 6.8523747e-001
5.3706741e-001 -1.3447418e+000 1.1061989e+000
7.6509410e-001 -8.1873041e-001 1.4109472e+000
5.8678657e-001 -2.6190889e+000 1.2813501e-001
2.7334896e-001 -2.4461839e+000 6.4695805e-001
1.7123379e-001 -2.2008939e+000 1.0427955e+000
2.0638044e-001 -1.8303577e+000 1.2702273e+000
4.4475877e-001 -1.3775301e+000 1.3622129e+000

'Dog_Pit_20
1.0052295e+000 5.7491617e+000 1.9410553e+000
1.0562673e+000 3.4646077e+000 2.2748377e+000
6.4695263e-001 4.3941517e+000 3.0333493e+000
1.4855304e+000 4.1405210e+000 1.3148079e+000
8.0946302e-001 4.3666959e+000 1.9356341e+000
1.3436714e+000 3.6088858e+000 1.6008340e+000
1.4676282e+000 3.8275270e+000 1.4383774e+000
1.4855305e+000 4.1405210e+000 1.3148079e+000
1.3965439e+000 4.5502672e+000 1.2329017e+000
1.3198379e+000 5.0728445e+000 1.2633580e+000
1.1728622e+000 3.4693964e+000 1.9089065e+000
1.1641440e+000 3.8360698e+000 1.7285231e+000
1.1621906e+000 4.2973757e+000 1.6083410e+000
1.1124821e+000 4.8609314e+000 1.5338124e+000
1.1374317e+000 5.5658054e+000 1.5651146e+000
1.0562673e+000 3.4646077e+000 2.2748377e+000
8.9238542e-001 3.8611269e+000 2.0710747e+000
8.0946326e-001 4.3666959e+000 1.9356343e+000
8.5089827e-001 4.9978318e+000 1.8946664e+000
1.0052298e+000 5.7491617e+000 1.9410555e+000
8.4511697e-001 3.5273588e+000 2.5938928e+000
7.4189740e-001 3.9345114e+000 2.5197678e+000
7.3093331e-001 4.4112225e+000 2.4687266e+000
7.7941722e-001 4.9712572e+000 2.4078195e+000
8.0444705e-001 5.6324954e+000 2.3313246e+000
7.1344912e-001 3.7348094e+000 2.9754193e+000
6.9218135e-001 4.0438323e+000 3.0655582e+000
6.4695287e-001 4.3941517e+000 3.0333495e+000
6.6226846e-001 4.7809701e+000 2.9513466e+000
7.0474809e-001 5.2062230e+000 2.7927432e+000

'Dog_Pit_21
1.5975624e+000 6.2972398e+000 2.5189884e+000
1.5303816e+000 4.2106228e+000 2.2630134e+000
7.9523247e-001 4.7748981e+000 2.3993144e+000
1.9599119e+000 4.7814746e+000 2.4369564e+000
1.3280267e+000 4.7719288e+000 2.2072630e+000
1.9121898e+000 4.3905935e+000 2.3524678e+000
1.9432192e+000 4.5565715e+000 2.3908200e+000
1.9599121e+000 4.7814746e+000 2.4369564e+000
1.9618531e+000 5.0682983e+000 2.4866197e+000
1.9485271e+000 5.4189749e+000 2.5259466e+000
1.7312129e+000 4.2663732e+000 2.2479870e+000
1.6482906e+000 4.4186120e+000 2.2673395e+000
1.6320699e+000 4.7808652e+000 2.2408514e+000
1.6782569e+000 5.3130016e+000 2.4017117e+000
1.7992841e+000 6.0717769e+000 2.4980283e+000
1.5303816e+000 4.2106228e+000 2.2630134e+000
1.3726001e+000 4.3716655e+000 2.2941225e+000
1.3280267e+000 4.7719293e+000 2.2072632e+000
1.4012054e+000 5.4055138e+000 2.3526697e+000
1.5975626e+000 6.2972403e+000 2.5189888e+000
1.3162949e+000 4.2353954e+000 2.2968879e+000
1.1191099e+000 4.4075599e+000 2.3034883e+000
1.0498437e+000 4.7716990e+000 2.2636719e+000
1.1315018e+000 5.3292851e+000 2.4252980e+000
1.3548915e+000 6.1328821e+000 2.4739027e+000
1.0725971e+000 4.3313270e+000 2.3312197e+000
8.6928546e-001 4.5150561e+000 2.3754370e+000
7.9523247e-001 4.7748981e+000 2.3993144e+000
8.6303818e-001 5.1134696e+000 2.4396920e+000
1.0679481e+000 5.5301313e+000 2.4809675e+000

'Dog_Pit_22
4.7333450e+000 4.3348831e-001 3.9913769e+000
1.4831728e+000 5.1116878e-001 3.5494852e+000
2.6047795e+000 1.8123152e+000 3.7415581e+000
2.6593130e+000 -7.8478473e-001 3.4161596e+000
2.4350357e+000 5.5609938e-002 3.3921957e+000
1.7698579e+000 -2.8359908e-001 3.4506443e+000
2.2169824e+000 -6.5957564e-001 3.3888633e+000
2.6593130e+000 -7.8478479e-001 3.4161594e+000
3.0879028e+000 -6.5939564e-001 3.5802128e+000
3.5329087e+000 -2.8424799e-001 3.7619188e+000
1.5470588e+000 1.1598300e-001 3.5201440e+000
1.9013695e+000 -3.1698197e-001 3.3727946e+000
2.4917338e+000 -4.7769672e-001 3.3882322e+000
3.2901835e+000 -3.6175904e-001 3.6929407e+000
4.3944640e+000 1.6677443e-002 3.9338706e+000
1.4831728e+000 5.1116878e-001 3.5494850e+000
1.7722145e+000 1.8399638e-001 3.5333128e+000
2.4350357e+000 5.5609956e-002 3.3921957e+000
3.4062488e+000 1.4054935e-001 3.6335897e+000
4.7333450e+000 4.3348831e-001 3.9913766e+000
1.5910642e+000 8.9984316e-001 3.5467732e+000
1.8748571e+000 8.2946140e-001 3.5482695e+000
2.4670019e+000 8.1743747e-001 3.5447075e+000
3.3666930e+000 8.6865836e-001 3.6376739e+000
4.5149980e+000 9.5777309e-001 4.0443883e+000
1.8585477e+000 1.2855290e+000 3.6103063e+000
2.1725454e+000 1.6437783e+000 3.6551595e+000
2.6047795e+000 1.8123152e+000 3.7415581e+000
3.1590178e+000 1.8126026e+000 3.7658882e+000
3.8221474e+000 1.6156623e+000 3.8384736e+000

'Dog_Pit_23
-5.2219963e-001 3.0426702e+000 3.2133675e+000
-1.7928871e+000 -2.2795598e-001 2.9501686e+000
-2.9055583e+000 1.6402771e+000 3.0634165e+000
-1.7469263e-001 8.5550761e-001 3.4518442e+000
-8.7594700e-001 6.9500148e-001 3.0360460e+000
-7.8051513e-001 1.4845975e-001 3.2178817e+000
-3.7142256e-001 4.8286554e-001 3.3092883e+000
-1.7469256e-001 8.5550767e-001 3.4518440e+000
-1.3722298e-001 1.2950221e+000 3.5208805e+000
-2.3583587e-001 1.8117434e+000 3.4264004e+000
-1.3193789e+000 -1.7326763e-001 3.0577571e+000
-7.6501888e-001 5.9029691e-002 3.2285163e+000
-3.7684515e-001 6.0872191e-001 3.2862136e+000
-2.2904216e-001 1.4453019e+000 3.4627116e+000
-2.3426619e-001 2.6491241e+000 3.2687719e+000
-1.7928871e+000 -2.2795597e-001 2.9501688e+000
-1.2801068e+000 4.5777112e-002 3.0540855e+000
-8.7594712e-001 6.9500142e-001 3.0360465e+000
-6.3428986e-001 1.6712530e+000 3.2197294e+000
-5.2219963e-001 3.0426702e+000 3.2133675e+000
-2.2559428e+000 -8.0570839e-003 3.0433254e+000
-1.9963549e+000 3.9522764e-001 2.9167266e+000
-1.7245455e+000 1.0295849e+000 2.9902551e+000
-1.4153119e+000 1.8960085e+000 3.0506411e+000
-1.0718156e+000 2.9956076e+000 3.2301428e+000
-2.6567709e+000 4.7817409e-001 3.0817740e+000
-2.9379942e+000 1.0979877e+000 3.0754976e+000
-2.9055583e+000 1.6402773e+000 3.0634172e+000
-2.5565310e+000 2.0870552e+000 2.9882293e+000
-1.8944670e+000 2.5015633e+000 3.0927789e+000

'Dog_Pit_24
1.3641260e+000 2.4997358e+000 2.1411490e+000
-7.8833431e-001 2.1859376e+000 1.9348850e+000
-1.3140985e-001 3.0055981e+000 1.9620390e+000
2.2580944e-001 1.3330894e+000 1.8507142e+000
-3.4467024e-001 2.3128450e+000 1.6806164e+000
-3.4890127e-001 1.6513836e+000 1.8489794e+000
-7.7113919e-002 1.4079534e+000 1.8457155e+000
2.2580944e-001 1.3330894e+000 1.8507143e+000
5.6020182e-001 1.4181769e+000 1.8980455e+000
9.2708164e-001 1.6672205e+000 1.9658204e+000
-6.4220876e-001 1.9136279e+000 1.9226342e+000
-5.1053435e-001 1.8300042e+000 1.9078212e+000
-1.5550821e-001 1.8537356e+000 1.8001139e+000
4.4813767e-001 1.9552176e+000 1.8058527e+000
1.2921225e+000 2.1326847e+000 2.0840893e+000
-7.8833437e-001 2.1859374e+000 1.9348850e+000
-7.1548545e-001 2.2307563e+000 1.9082927e+000
-3.4467024e-001 2.3128450e+000 1.6806163e+000
3.5217252e-001 2.3995275e+000 1.8126098e+000
1.3641260e+000 2.4997358e+000 2.1411490e+000
-7.8333712e-001 2.4594190e+000 1.9493666e+000
-6.9076377e-001 2.5742791e+000 1.9244471e+000
-3.3822733e-001 2.6890554e+000 1.7932062e+000
2.7082723e-001 2.7442167e+000 1.9171402e+000
1.1445627e+000 2.7720273e+000 2.1228764e+000
-6.3265073e-001 2.7418351e+000 1.8943365e+000
-4.1370052e-001 2.9169469e+000 1.9179120e+000
-1.3140987e-001 3.0055981e+000 1.9620391e+000
2.1247783e-001 3.0053687e+000 2.0293381e+000
6.2751520e-001 2.9381888e+000 2.0791907e+000

'Dog_Pit_25
3.0599179e+000 -7.7305770e+000 -9.0734768e-001
6.6704953e-001 -8.0071774e+000 -5.9496212e-001
1.3994513e+000 -7.1573467e+000 -7.1920872e-002
1.6705576e+000 -8.5048180e+000 -1.3745995e+000
1.2749416e+000 -7.7789745e+000 -8.5905504e-001
1.0325615e+000 -8.3645201e+000 -1.0712820e+000
1.3368018e+000 -8.5029840e+000 -1.2475160e+000
1.6705574e+000 -8.5048180e+000 -1.3745997e+000
2.0485716e+000 -8.4738922e+000 -1.3702160e+000
2.4545147e+000 -8.3204107e+000 -1.3335623e+000
7.6911646e-001 -8.1816359e+000 -8.2908136e-001
1.0058491e+000 -8.2405996e+000 -9.6757656e-001
1.4424602e+000 -8.2256050e+000 -1.0608793e+000
2.0589240e+000 -8.0899572e+000 -1.1691005e+000
2.9169898e+000 -8.0108967e+000 -1.1350776e+000
6.6704959e-001 -8.0071774e+000 -5.9496206e-001
8.5094613e-001 -7.9261398e+000 -6.9918245e-001
1.2749417e+000 -7.7789745e+000 -8.5905510e-001
2.0411565e+000 -7.7753954e+000 -8.6101943e-001
3.0599177e+000 -7.7305770e+000 -9.0734804e-001
7.0926106e-001 -7.7882013e+000 -4.1480517e-001
8.8917351e-001 -7.6340513e+000 -3.8587981e-001
1.2819438e+000 -7.4766288e+000 -4.7589302e-001
1.9439862e+000 -7.4158654e+000 -5.7427478e-001
2.8884437e+000 -7.4951377e+000 -6.3988131e-001
8.9022785e-001 -7.5232520e+000 -2.9225791e-001
1.0839854e+000 -7.2790732e+000 -1.2064888e-001
1.3994511e+000 -7.1573462e+000 -7.1921103e-002
1.8296038e+000 -7.1353598e+000 -1.6827163e-001
2.3836737e+000 -7.2522120e+000 -3.7577212e-001

'Dog_Pit_26
2.4358532e+000 3.9740837e+000 2.3176656e+000
7.4614024e-001 4.3349924e+000 2.2838278e+000
1.5917019e+000 4.7600942e+000 2.3877931e+000
1.3169792e+000 3.6057339e+000 2.1706395e+000
1.4598646e+000 4.1063700e+000 2.1410971e+000
9.4872260e-001 3.9171202e+000 2.2468517e+000
1.1076509e+000 3.7262144e+000 2.2004015e+000
1.3167034e+000 3.5997043e+000 2.1709139e+000
1.5735136e+000 3.5384848e+000 2.2002909e+000
1.8855000e+000 3.5395164e+000 2.2248509e+000
7.8184462e-001 4.1323276e+000 2.2635837e+000
1.0570008e+000 3.9599500e+000 2.2393541e+000
1.3948845e+000 3.8388801e+000 2.1225224e+000
1.8016232e+000 3.7670856e+000 2.1527443e+000
2.2720528e+000 3.7453854e+000 2.2772055e+000
7.4830943e-001 4.3345585e+000 2.2837398e+000
1.0764533e+000 4.2073717e+000 2.2368965e+000
1.4662962e+000 4.1103787e+000 2.1415675e+000
1.9246879e+000 4.0359211e+000 2.1464705e+000
2.4377036e+000 3.9798138e+000 2.3179979e+000
8.5037613e-001 4.5289822e+000 2.2742491e+000
1.1681752e+000 4.4735928e+000 2.2698050e+000
1.5311241e+000 4.4153891e+000 2.2217953e+000
1.9386433e+000 4.3410358e+000 2.2292032e+000
2.3883762e+000 4.2462869e+000 2.3158879e+000
1.0829568e+000 4.7010036e+000 2.3540573e+000
1.3360683e+000 4.7670546e+000 2.3495491e+000
1.5886182e+000 4.7502642e+000 2.3860958e+000
1.8458575e+000 4.6727891e+000 2.3874044e+000
2.1079512e+000 4.5336075e+000 2.3559582e+000

'Dog_Pit_27
7.4376535e+000 2.2933145e+000 -5.8145599e+000
5.8802094e+000 1.0512336e+000 -5.9606223e+000
6.2165041e+000 2.1758037e+000 -5.8728805e+000
7.1579399e+000 1.0682987e+000 -5.8983903e+000
6.6320467e+000 1.7675115e+000 -6.0657239e+000
6.5009298e+000 8.8049632e-001 -5.9485407e+000
6.8743191e+000 9.3474859e-001 -5.9017344e+000
7.1579404e+000 1.0682987e+000 -5.8983903e+000
7.3509297e+000 1.2858323e+000 -5.9211054e+000
7.4452033e+000 1.5733192e+000 -5.8901386e+000
6.1240354e+000 9.1326439e-001 -5.9563165e+000
6.5149078e+000 1.1919795e+000 -5.9855032e+000
6.8632698e+000 1.4572425e+000 -5.9371262e+000
7.2010446e+000 1.7174031e+000 -5.9107008e+000
7.5273576e+000 2.0174725e+000 -5.8788013e+000
5.8802094e+000 1.0512334e+000 -5.9606228e+000
6.2493019e+000 1.4456270e+000 -6.0136986e+000
6.6320467e+000 1.7675115e+000 -6.0657239e+000
7.0309339e+000 2.0561039e+000 -5.9952936e+000
7.4376535e+000 2.2933145e+000 -5.8145599e+000
5.7760468e+000 1.3079981e+000 -5.9301071e+000
6.0783830e+000 1.6999409e+000 -5.9271059e+000
6.4110312e+000 2.0083959e+000 -6.0340862e+000
6.7956185e+000 2.2745538e+000 -6.0093193e+000
7.2171812e+000 2.4732490e+000 -5.8807836e+000
5.8053684e+000 1.6728921e+000 -5.8919735e+000
5.9774370e+000 1.9517643e+000 -5.9088035e+000
6.2165041e+000 2.1758037e+000 -5.8728805e+000
6.4813390e+000 2.3757014e+000 -5.9812837e+000
6.8382583e+000 2.5059271e+000 -5.9293470e+000

'Dog_Pit_28
1.9746561e+000 4.9610004e+000 1.2877526e+000
7.7998817e-001 3.1997416e+000 1.4257250e+000
6.0990626e-001 4.1293597e+000 1.3814046e+000
1.8255718e+000 3.5049417e+000 1.4497368e+000
1.0591663e+000 3.4489710e+000 1.2271736e+000
1.3523650e+000 3.2512889e+000 1.4558021e+000
1.6057421e+000 3.3057604e+000 1.4439429e+000
1.8255718e+000 3.5049415e+000 1.4497370e+000
2.0487528e+000 3.7968447e+000 1.3974565e+000
2.2654457e+000 4.1948361e+000 1.3014648e+000
1.0065807e+000 3.1386034e+000 1.3848200e+000
1.1602994e+000 3.1694968e+000 1.4039685e+000
1.3935950e+000 3.4163430e+000 1.3522270e+000
1.7504070e+000 3.8975081e+000 1.2259557e+000
2.1906629e+000 4.7144938e+000 1.2723660e+000
7.7998817e-001 3.1997416e+000 1.4257250e+000
8.5246503e-001 3.2068298e+000 1.3806264e+000
1.0591663e+000 3.4489708e+000 1.2271737e+000
1.4420425e+000 4.0278292e+000 1.1386907e+000
1.9746561e+000 4.9610004e+000 1.2877525e+000
6.1699247e-001 3.3447936e+000 1.3879869e+000
6.3315684e-001 3.4293716e+000 1.3661544e+000
7.9255038e-001 3.7041664e+000 1.2794259e+000
1.1316144e+000 4.1911321e+000 1.1589558e+000
1.6139880e+000 4.9358521e+000 1.3111238e+000
5.5021185e-001 3.6060305e+000 1.3628887e+000
5.1861638e-001 3.8729072e+000 1.4137744e+000
6.0990620e-001 4.1293597e+000 1.3814048e+000
8.0530286e-001 4.3855057e+000 1.3719232e+000
1.1100116e+000 4.6382647e+000 1.3559898e+000

'Dog_Pit_29
3.0869591e-001 -4.1770263e+000 2.5903664e+000
2.6236577e+000 -3.4627550e+000 2.7704353e+000
2.1170588e+000 -4.5853662e+000 2.4393778e+000
1.4891628e+000 -3.0355148e+000 2.9497185e+000
1.7597332e+000 -3.6299963e+000 2.6401024e+000
2.1458187e+000 -3.1592648e+000 2.9155169e+000
1.8045206e+000 -3.0468063e+000 2.8790879e+000
1.4891628e+000 -3.0355148e+000 2.9497187e+000
1.1710757e+000 -3.1539040e+000 2.9417508e+000
8.4428066e-001 -3.4056151e+000 2.8560865e+000
2.4474084e+000 -3.2655933e+000 2.8046196e+000
2.0926077e+000 -3.2189434e+000 2.8850739e+000
1.6153960e+000 -3.2876046e+000 2.8104646e+000
1.0539831e+000 -3.4931538e+000 2.7635732e+000
4.0658197e-001 -3.8411670e+000 2.7862871e+000
2.6236577e+000 -3.4627550e+000 2.7704353e+000
2.2713361e+000 -3.5118017e+000 2.7467673e+000
1.7597331e+000 -3.6299961e+000 2.6401017e+000
1.1044357e+000 -3.8698704e+000 2.6657734e+000
3.0869591e-001 -4.1770263e+000 2.5903664e+000
2.6502810e+000 -3.7362173e+000 2.7365136e+000
2.3718629e+000 -3.9218199e+000 2.6730502e+000
1.9270738e+000 -4.0802078e+000 2.5637558e+000
1.3264682e+000 -4.2759900e+000 2.5619009e+000
5.6729364e-001 -4.4498658e+000 2.5157790e+000
2.5133791e+000 -4.0663862e+000 2.6441963e+000
2.3832948e+000 -4.3830566e+000 2.5125740e+000
2.1170588e+000 -4.5853667e+000 2.4393783e+000
1.7173250e+000 -4.6832390e+000 2.4404337e+000
1.1759510e+000 -4.6419735e+000 2.4602108e+000

'Dog_Pit_30
6.6334577e+000 1.7667516e-001 -5.9597964e+000
3.8800063e+000 -1.3003501e+000 -5.9918022e+000
4.3737850e+000 1.6955239e-001 -6.0797539e+000
5.1932344e+000 -1.2914660e+000 -5.9475365e+000
4.9037580e+000 -7.3818630e-001 -6.0778179e+000
4.5060782e+000 -1.5243924e+000 -6.0824795e+000
4.8333988e+000 -1.4339992e+000 -5.9777269e+000
5.1932344e+000 -1.2914660e+000 -5.9475360e+000
5.5851645e+000 -1.0975895e+000 -5.9344373e+000
6.0092707e+000 -8.5213113e-001 -5.9585824e+000
4.0928345e+000 -1.4911923e+000 -6.0614314e+000
4.5266433e+000 -1.3287500e+000 -6.0781851e+000
5.0755887e+000 -1.0546824e+000 -5.9827371e+000
5.7514067e+000 -6.9481105e-001 -5.9974518e+000
6.5507555e+000 -2.2509854e-001 -6.0327940e+000
3.8800063e+000 -1.3003500e+000 -5.9918022e+000
4.3034320e+000 -1.0638803e+000 -6.0629663e+000
4.9037580e+000 -7.3818630e-001 -6.0778179e+000
5.6858544e+000 -3.2347021e-001 -6.0849085e+000
6.6334572e+000 1.7667535e-001 -5.9597969e+000
3.8439291e+000 -9.7236449e-001 -5.9765921e+000
4.1628556e+000 -6.5398538e-001 -6.0433674e+000
4.6687989e+000 -3.2834452e-001 -6.0831223e+000
5.3709264e+000 1.4626491e-002 -6.0624733e+000
6.2674198e+000 3.8020298e-001 -5.9709015e+000
3.9883788e+000 -5.0242972e-001 -5.9970698e+000
4.1008492e+000 -1.0694862e-001 -6.0373392e+000
4.3737850e+000 1.6955234e-001 -6.0797534e+000
4.8189163e+000 3.2744113e-001 -6.0531402e+000
5.4371724e+000 3.4191537e-001 -5.9066653e+000
