[individuals]
30
[landmarks]
17
[dimensions]
3
[names]
Dog_Pit_1_A1
Dog_Pit_2_A1
Dog_Pit_3_A1
Dog_Pit_4_A1
Dog_Pit_5_A1
Dog_Pit_6_A1
Dog_Pit_7_A1
Dog_Pit_8_A1
Dog_Pit_9_A1
Dog_Pit_10_A1
Dog_Pit_11_A1
Dog_Pit_12_A1
Dog_Pit_13_A1
Dog_Pit_14_A1
Dog_Pit_15_A1
Dog_Pit_16_A1
Dog_Pit_17_A1
Dog_Pit_18_A1
Dog_Pit_19_A1
Dog_Pit_20_A1
Dog_Pit_21_A1
Dog_Pit_22_A1
Dog_Pit_23_A1
Dog_Pit_24_A1
Dog_Pit_25_A1
Dog_Pit_26_A1
Dog_Pit_27_A1
Dog_Pit_28_A1
Dog_Pit_29_A1
Dog_Pit_30_A1
[labels]
Sample
[labelvalues]
A1
A1
A1
A1
A1
A1
A1
A1
A1
A1
A1
A1
A1
A1
A1
A1
A1
A1
A1
A1
A1
A1
A1
A1
A1
A1
A1
A1
A1
A1
[rawpoints]
'Dog_Pit_1_A1
9.0921593e-001 -2.6075907e+000 4.9013233e-001
-5.6704521e-002 -9.6700180e-001 2.2819428e+000
7.1530628e-001 -8.3648241e-001 1.3325667e+000
-9.7365856e-002 -2.4066403e+000 2.1449304e+000
1.0302162e-001 -1.9078802e+000 1.4690490e+000
1.1162081e+000 -2.0468333e+000 4.1638327e-001
9.2712879e-001 -1.4795592e+000 7.7845001e-001
4.5033121e-001 -6.7278749e-001 1.6723266e+000
1.1841488e-001 -6.8302763e-001 2.1194274e+000
6.1023855e-001 -2.7929075e+000 9.7314835e-001
1.3120604e-001 -2.7421257e+000 1.6509142e+000
-1.0237122e-001 -1.9909294e+000 2.2382689e+000
-1.2778711e-001 -1.3309443e+000 2.3654337e+000
2.8842449e-001 -2.0947516e+000 1.2920647e+000
6.9625854e-002 -1.6606597e+000 1.7170615e+000
3.0844593e-001 -1.6115205e+000 1.3887424e+000
3.6738873e-002 -2.1517136e+000 1.7318971e+000

'Dog_Pit_2_A1
1.9506282e+000 3.1346714e-001 -6.5711021e-002
3.0879011e+000 1.2202271e+000 -2.2184658e-001
3.2852070e+000 4.8053943e-002 1.1312866e-001
1.9943830e+000 1.2420803e+000 -3.7079334e-001
2.6007764e+000 7.2058839e-001 -3.4505367e-001
2.3685710e+000 4.9195617e-002 5.3920746e-003
2.8434889e+000 -3.9458234e-002 4.0876389e-002
3.4986246e+000 3.2950276e-001 8.9571953e-002
3.5151241e+000 6.9595569e-001 -6.1506271e-002
1.7846439e+000 4.7769544e-001 -9.0897560e-002
1.6516618e+000 9.2946845e-001 -2.6559067e-001
2.3067133e+000 1.4426107e+000 -3.3755875e-001
2.7219415e+000 1.3878289e+000 -1.8641472e-001
2.5416760e+000 5.4974604e-001 -2.0725822e-001
2.9368517e+000 8.9076972e-001 -2.5145245e-001
2.9106002e+000 6.1137623e-001 -2.0806885e-001
2.5791640e+000 8.9954942e-001 -3.0801296e-001

'Dog_Pit_3_A1
2.3632116e+000 1.7775214e+000 -2.5990868e-001
2.5056362e-001 1.8649831e+000 -2.6094055e-001
1.3431919e+000 2.7440948e+000 -3.7997246e-001
1.3507949e+000 1.1939191e+000 -3.4380054e-001
1.4189527e+000 1.8855501e+000 -5.7820892e-001
2.1776540e+000 2.2585282e+000 -3.0118656e-001
1.8398354e+000 2.5614431e+000 -3.4630585e-001
8.7492251e-001 2.5064492e+000 -3.5010433e-001
4.9943089e-001 2.3107722e+000 -3.3779240e-001
2.0233419e+000 1.4651493e+000 -3.7740135e-001
1.6982657e+000 1.3111447e+000 -3.8901424e-001
8.8345754e-001 1.2236286e+000 -2.9602432e-001
5.7091856e-001 1.5038136e+000 -2.9200935e-001
1.6520108e+000 1.8634756e+000 -4.8276806e-001
1.2211703e+000 1.9231069e+000 -5.2057171e-001
1.4480764e+000 2.1408250e+000 -5.5549812e-001
1.3932505e+000 1.5573789e+000 -5.4683208e-001

'Dog_Pit_4_A1
-3.1393204e+000 -2.0085769e+000 -3.5414600e-001
-2.6798737e+000 6.7366469e-001 -5.1725006e-001
-1.8966103e+000 -4.0785864e-001 -2.0376682e-001
-3.5865040e+000 -3.0402619e-001 -4.7524452e-001
-2.8264277e+000 -5.4086822e-001 -5.3676128e-001
-2.7556133e+000 -1.7575524e+000 -3.1084919e-001
-2.1766424e+000 -1.1917561e+000 -2.5933170e-001
-1.9911934e+000 -1.1130847e-002 -2.3591805e-001
-2.2618015e+000 4.1136545e-001 -3.6146259e-001
-3.6004176e+000 -1.5278057e+000 -3.8791275e-001
-3.6867361e+000 -8.1941211e-001 -4.1338444e-001
-3.4273822e+000 1.5542457e-001 -4.7590637e-001
-3.1318250e+000 5.6059927e-001 -5.4274082e-001
-2.8355589e+000 -8.5589391e-001 -5.3164005e-001
-2.8750634e+000 -2.3906443e-001 -5.4950523e-001
-2.5782390e+000 -5.3353536e-001 -4.5115948e-001
-3.1218216e+000 -5.0100839e-001 -5.3599167e-001

'Dog_Pit_5_A1
4.3347454e+000 7.1206361e-001 2.9809952e-002
6.6937323e+000 -4.3639672e-001 5.5712700e-001
5.4664340e+000 -7.6770812e-001 3.3336258e-001
6.2079740e+000 9.6407920e-001 2.9214668e-001
5.7781749e+000 9.4184496e-002 1.8061161e-001
4.6008744e+000 1.9919997e-001 1.7041588e-001
4.9294877e+000 -2.4836324e-001 2.9681873e-001
5.9291267e+000 -9.7554362e-001 4.0336609e-001
6.4255280e+000 -7.6467568e-001 4.9520493e-001
5.0099010e+000 9.6582073e-001 3.0578613e-002
5.6657753e+000 9.1531795e-001 1.3225842e-001
6.6102114e+000 6.2539124e-001 3.9946842e-001
6.7710438e+000 1.3007770e-001 5.2353954e-001
5.5112395e+000 2.3743612e-001 2.0213890e-001
6.0623803e+000 3.1482406e-005 2.7694988e-001
5.7326379e+000 -1.2361041e-001 2.0503998e-001
5.8407283e+000 3.1760037e-001 1.7499828e-001

'Dog_Pit_6_A1
-2.1039519e+000 2.7831287e+000 -5.7815695e-001
-4.2915306e+000 3.1137738e+000 -7.6783752e-001
-3.2457178e+000 3.9393516e+000 -6.4097118e-001
-3.5842941e+000 2.4720294e+000 -5.1140881e-001
-3.5123718e+000 2.9843326e+000 -8.8540936e-001
-2.3162870e+000 3.3139734e+000 -6.0120392e-001
-2.7210007e+000 3.6110888e+000 -5.8693600e-001
-3.6136055e+000 3.8092957e+000 -7.2256851e-001
-4.1288295e+000 3.4264472e+000 -7.7749443e-001
-2.5111926e+000 2.2572062e+000 -5.6391954e-001
-3.0376949e+000 2.2809880e+000 -6.0418129e-001
-3.9098225e+000 2.5794251e+000 -5.7496452e-001
-4.1520977e+000 2.7949934e+000 -6.7644787e-001
-3.2125082e+000 2.9344480e+000 -8.3526993e-001
-3.7339380e+000 3.0112519e+000 -8.8028336e-001
-3.4664795e+000 3.2896979e+000 -8.4924507e-001
-3.5573142e+000 2.8055518e+000 -7.7412128e-001

'Dog_Pit_7_A1
2.9752581e+000 3.3501327e+000 -3.7716579e-001
5.8663380e-001 5.8845859e+000 -5.5084562e-001
3.1023233e+000 5.2939687e+000 -1.1571836e-001
8.7095428e-001 3.4879215e+000 -4.5480394e-001
1.2576139e+000 4.3159294e+000 -6.7438507e-001
3.3713336e+000 4.2193713e+000 -2.4050093e-001
3.2968242e+000 4.6540027e+000 -1.1106777e-001
2.3359787e+000 5.7652564e+000 -2.9804182e-001
1.5782282e+000 5.9851785e+000 -4.2864943e-001
2.4622054e+000 2.8526707e+000 -2.0610857e-001
1.4764190e+000 3.2626865e+000 -4.2480898e-001
6.1572909e-001 4.5705657e+000 -5.3244829e-001
4.8017848e-001 5.3121963e+000 -5.6342268e-001
1.5300860e+000 4.1306434e+000 -6.3797951e-001
9.1695118e-001 4.3939562e+000 -6.2050247e-001
1.3601797e+000 4.6617546e+000 -6.4969921e-001
1.1148200e+000 4.0189252e+000 -5.8158779e-001

'Dog_Pit_8_A1
-2.0307600e+000 -2.2835133e+000 -2.6764488e-001
4.7997928e-001 -2.7627597e+000 -9.0847015e-002
-7.8758371e-001 -3.4530864e+000 -2.8779411e-001
-1.8011594e-001 -1.8790047e+000 -1.6407013e-001
-3.9020920e-001 -2.8921368e+000 -4.1722012e-001
-1.7007957e+000 -2.7235167e+000 -1.9216728e-001
-1.2930565e+000 -3.1798317e+000 -2.1509027e-001
-4.1415882e-001 -3.3505869e+000 -2.4871159e-001
1.4107466e-001 -3.0164342e+000 -2.1984816e-001
-1.6151562e+000 -1.8838574e+000 -1.7095137e-001
-8.9593172e-001 -1.7653756e+000 -1.6734982e-001
1.3226986e-001 -2.0542970e+000 -1.4147758e-001
3.4984541e-001 -2.3995404e+000 -1.2312222e-001
-6.2563598e-001 -2.8311849e+000 -3.4990120e-001
-2.2795486e-001 -2.8730145e+000 -3.8580418e-001
-4.0286863e-001 -3.1507673e+000 -3.3965683e-001
-2.9393208e-001 -2.6653869e+000 -3.7069988e-001

'Dog_Pit_9_A1
3.9636090e+000 5.2840242e+000 7.5476837e-001
4.3272491e+000 6.4195328e+000 5.9110832e-001
5.1663160e+000 5.6551790e+000 7.4032879e-001
3.7051783e+000 6.1107254e+000 6.5467072e-001
4.3547549e+000 5.8708382e+000 4.0393543e-001
4.4367857e+000 5.2533522e+000 7.0773125e-001
4.9504209e+000 5.2955060e+000 7.4981403e-001
5.1000557e+000 6.0340471e+000 6.9297266e-001
4.6986470e+000 6.3405108e+000 6.5608740e-001
3.7689729e+000 5.4588771e+000 7.0449400e-001
3.6212506e+000 5.7224174e+000 7.8455925e-001
3.8330836e+000 6.3993812e+000 6.2608480e-001
4.0166159e+000 6.4937801e+000 6.3026476e-001
4.2633662e+000 5.7090216e+000 5.0964403e-001
4.4043403e+000 6.1266842e+000 4.8918200e-001
4.5665321e+000 5.8179655e+000 4.6262646e-001
4.1028266e+000 5.9848027e+000 5.2367687e-001

'Dog_Pit_10_A1
-1.8908367e-001 6.0406418e+000 8.8661528e-001
-1.4437795e+000 8.1026249e+000 5.8023691e-001
-3.7606096e-001 7.4945168e+000 5.7434845e-001
-1.6263900e+000 6.6873255e+000 8.8658047e-001
-1.1618332e+000 7.4976940e+000 3.1218529e-001
-1.9011736e-002 6.4919105e+000 7.8429222e-001
-1.3846967e-001 7.0208502e+000 7.1815157e-001
-5.3230917e-001 7.8881807e+000 5.2211905e-001
-9.7232306e-001 8.1425524e+000 4.9737597e-001
-7.4273604e-001 5.9980011e+000 9.0515995e-001
-1.2650979e+000 6.3444548e+000 9.0261126e-001
-1.8057261e+000 7.2265368e+000 8.4867668e-001
-1.6539881e+000 7.6368160e+000 7.0286465e-001
-1.0552558e+000 7.3415904e+000 3.4171247e-001
-1.2415107e+000 7.9174414e+000 4.9961138e-001
-9.5957088e-001 7.8111157e+000 4.0799665e-001
-1.3531809e+000 7.6079249e+000 5.3401899e-001

'Dog_Pit_11_A1
8.6150241e-001 -4.0158358e+000 1.7919064e-002
-6.0498977e-001 -2.2865334e+000 6.1636400e-001
8.0033016e-001 -2.2148848e+000 5.4813480e-001
-9.7148681e-001 -3.2900701e+000 1.4860010e-001
-3.2768965e-002 -2.8179162e+000 3.8769722e-002
1.0401032e+000 -3.4293571e+000 3.0407858e-001
1.0969074e+000 -2.8801634e+000 4.3481636e-001
3.6624002e-001 -1.9454767e+000 7.0780563e-001
-2.7295303e-001 -1.9638577e+000 7.9833126e-001
1.5777469e-001 -4.0406013e+000 -3.3499241e-002
-4.0206265e-001 -3.6614075e+000 7.7049255e-002
-1.0066994e+000 -2.8986611e+000 2.5708437e-001
-7.9828024e-001 -2.4907770e+000 4.3431377e-001
1.8947959e-001 -3.1203084e+000 -2.1358013e-002
-1.9114399e-001 -2.6433904e+000 1.1600018e-001
1.9729018e-001 -2.6411352e+000 1.9363499e-001
-3.4235549e-001 -3.0018563e+000 1.3603544e-001

'Dog_Pit_12_A1
4.7919111e+000 1.0768063e+000 1.3405857e+000
3.7852907e-001 5.6964171e-001 1.1122551e+000
2.9448204e+000 2.0130823e+000 1.1380177e+000
3.0935287e+000 -2.9031420e-001 1.2056675e+000
2.9595256e+000 7.6090902e-001 4.3027306e-001
4.4623528e+000 1.6386887e+000 1.2431564e+000
3.6153288e+000 2.0354323e+000 9.9147987e-001
2.0731311e+000 2.0856252e+000 1.1826344e+000
1.0015106e+000 1.4804144e+000 1.2194958e+000
4.5892024e+000 7.3562950e-001 1.2477741e+000
3.7034791e+000 4.3443404e-002 1.1317692e+000
2.0745649e+000 -3.7983820e-001 9.8054695e-001
9.6469998e-001 -2.4119556e-002 8.1786728e-001
3.7639425e+000 7.9565334e-001 8.5992432e-001
2.2370582e+000 7.1244597e-001 6.2224007e-001
2.9536312e+000 1.2925180e+000 8.1828499e-001
3.0782762e+000 1.8878372e-001 6.6688156e-001

'Dog_Pit_13_A1
-4.8663726e+000 1.2591903e+000 1.3528261e+000
-6.4258170e+000 2.8548384e+000 1.4611888e+000
-5.1050673e+000 2.7991202e+000 1.4795680e+000
-6.4241991e+000 1.5092405e+000 1.5624223e+000
-5.8794641e+000 2.2487211e+000 1.1728663e+000
-4.7207551e+000 1.6890764e+000 1.3541117e+000
-4.6817818e+000 2.2822354e+000 1.3486962e+000
-5.4036694e+000 3.0563819e+000 1.5104289e+000
-5.9146671e+000 3.1225381e+000 1.4777970e+000
-5.3850007e+000 1.0222236e+000 1.3718672e+000
-6.0317454e+000 1.2132069e+000 1.4156466e+000
-6.6054211e+000 1.9419959e+000 1.6416616e+000
-6.6580467e+000 2.3624811e+000 1.6515832e+000
-6.0621400e+000 2.5507431e+000 1.2604437e+000
-5.6531057e+000 1.9645705e+000 1.1890168e+000
-5.6192141e+000 2.3980548e+000 1.2068610e+000
-6.1320887e+000 1.9806207e+000 1.4264460e+000

'Dog_Pit_14_A1
-5.8066196e+000 -1.6474687e+000 6.1620331e-001
-2.9851105e+000 -3.2249954e+000 1.5984154e-001
-4.8114448e+000 -3.6445394e+000 6.9013596e-002
-3.8334565e+000 -1.3235068e+000 8.1300831e-001
-3.8291347e+000 -2.3796411e+000 -1.2962055e-001
-5.8845310e+000 -2.3881102e+000 5.1407433e-001
-5.4814582e+000 -3.0830109e+000 3.1121445e-001
-4.1839161e+000 -3.8290145e+000 -1.0232830e-001
-3.3633764e+000 -3.5676162e+000 -6.3209534e-003
-5.2995110e+000 -1.2113792e+000 7.9828835e-001
-4.5500989e+000 -1.1518276e+000 8.6417580e-001
-3.4777260e+000 -1.4665376e+000 7.8560543e-001
-2.6893806e+000 -2.3961480e+000 3.3856201e-001
-4.0916414e+000 -2.2632010e+000 -6.0094833e-002
-3.3877506e+000 -2.5640075e+000 2.5065899e-002
-3.9388700e+000 -2.5920382e+000 -1.5494299e-001
-3.4817328e+000 -2.1281703e+000 2.5872993e-001

'Dog_Pit_15_A1
-2.9253089e+000 2.0299432e+000 1.2498960e+000
-9.3358636e-001 4.3042943e-001 1.0118370e+000
-2.5032442e+000 4.4544151e-001 1.0041642e+000
-1.4204400e+000 1.7961733e+000 1.0946531e+000
-1.5472683e+000 6.7947733e-001 7.3409605e-001
-3.0336010e+000 1.5379683e+000 1.2267046e+000
-2.8429470e+000 8.8061875e-001 1.0432806e+000
-2.0999711e+000 1.6581233e-001 9.5398664e-001
-1.3205993e+000 6.3548714e-002 9.3201542e-001
-2.3633738e+000 2.1154923e+000 1.2320051e+000
-1.8745925e+000 1.9585818e+000 1.1407995e+000
-9.4472706e-001 1.3302077e+000 1.1061354e+000
-7.7934361e-001 8.5063016e-001 1.1033473e+000
-1.7400005e+000 1.0082209e+000 7.7500248e-001
-1.4174640e+000 4.5431873e-001 7.9296112e-001
-1.7712491e+000 4.8885170e-001 7.7107906e-001
-1.3657243e+000 8.3681107e-001 8.0781507e-001

'Dog_Pit_16_A1
5.6571741e+000 3.3436853e-002 1.1171370e+000
3.9896605e+000 -1.4041028e+000 6.3996887e-001
4.0799742e+000 -1.6837239e-001 9.1642857e-001
5.2291679e+000 -1.4406912e+000 7.3425198e-001
4.3996906e+000 -9.6636152e-001 4.6606827e-001
5.1709862e+000 1.8452643e-001 1.0885534e+000
4.6464224e+000 7.7390470e-002 1.0666227e+000
3.9343760e+000 -4.6362171e-001 8.1148243e-001
3.7761571e+000 -1.0112870e+000 7.3631477e-001
5.6945124e+000 -5.5411977e-001 9.8970604e-001
5.4291019e+000 -1.0581658e+000 8.4788036e-001
4.8311214e+000 -1.7454214e+000 6.0130501e-001
4.3507490e+000 -1.6682438e+000 5.1282215e-001
4.6433740e+000 -7.5826746e-001 4.9240494e-001
4.2471409e+000 -1.1678510e+000 4.9197865e-001
4.2384381e+000 -7.9798412e-001 5.3176689e-001
4.6270537e+000 -1.2107265e+000 4.4027328e-001

'Dog_Pit_17_A1
8.4880753e+000 -6.5244848e-001 1.2757215e+000
6.8376741e+000 5.2716929e-001 1.3910866e+000
7.6702604e+000 5.6565303e-001 1.4661598e+000
7.0268345e+000 -5.2678782e-001 1.2114096e+000
7.3788729e+000 5.4811858e-002 1.0589972e+000
8.3224344e+000 -1.0650009e-001 1.2066822e+000
7.9902916e+000 3.0729619e-001 1.4206772e+000
7.3712687e+000 6.5653789e-001 1.4432201e+000
7.0914783e+000 6.2519485e-001 1.4092646e+000
7.9845257e+000 -9.4325238e-001 1.1506948e+000
7.4479427e+000 -9.0026987e-001 1.1806726e+000
6.6411896e+000 -1.9073084e-001 1.2453165e+000
6.6360984e+000 1.5142934e-001 1.3818617e+000
7.6747751e+000 -1.4592972e-001 1.1060829e+000
7.1135435e+000 2.2451444e-001 1.1709046e+000
7.5078859e+000 2.5463784e-001 1.2379713e+000
7.1094446e+000 -1.5376668e-001 1.0952525e+000

'Dog_Pit_18_A1
-4.7652388e-001 -6.2855855e-002 3.5985746e+000
-1.1619811e+000 -2.2082062e+000 2.5260930e+000
-1.6416206e+000 -1.3948406e+000 3.6730802e+000
-8.0935001e-002 -1.1942505e+000 2.2295494e+000
-1.4052196e+000 -1.4363126e+000 2.9974174e+000
-9.3329191e-001 -4.1766208e-001 3.9052365e+000
-1.2975283e+000 -8.8766688e-001 3.9188263e+000
-1.7008243e+000 -1.8968819e+000 3.2437806e+000
-1.4992818e+000 -2.0573132e+000 2.9291086e+000
-1.5679359e-002 -1.2417565e-001 2.9498792e+000
9.6214533e-002 -5.9583312e-001 2.5035496e+000
-2.9370737e-001 -1.7274504e+000 2.1074243e+000
-6.3519192e-001 -1.9807178e+000 2.2745590e+000
-1.2620267e+000 -1.1919310e+000 3.1705422e+000
-1.3946494e+000 -1.7308830e+000 2.9039316e+000
-1.5291380e+000 -1.4657496e+000 3.2843068e+000
-1.0986212e+000 -1.3961786e+000 2.7105429e+000

'Dog_Pit_19_A1
9.6042728e-001 -5.0894076e-001 1.5050797e+000
1.0318451e+000 -2.5336068e+000 -4.4243526e-001
2.7975464e-001 -2.3516169e+000 7.0183611e-001
2.0048323e+000 -1.0393969e+000 -5.0125647e-001
7.1549511e-001 -1.4049319e+000 4.1503048e-001
6.0573483e-001 -9.7215730e-001 1.4882126e+000
3.2551765e-001 -1.5732925e+000 1.2841754e+000
4.7782516e-001 -2.4555302e+000 4.3234921e-001
7.7068996e-001 -2.5807691e+000 -4.9013615e-002
1.4758148e+000 -2.3944226e-001 9.0160370e-001
1.6932364e+000 -6.1073524e-001 3.6281586e-002
1.9202080e+000 -1.3110964e+000 -6.5547514e-001
1.4270496e+000 -2.0011628e+000 -5.9241295e-001
6.9105768e-001 -1.2445447e+000 7.7348351e-001
8.9397764e-001 -1.5910304e+000 1.3303328e-001
5.1741958e-001 -1.6677262e+000 5.4492116e-001
1.1265154e+000 -1.1390300e+000 3.6192513e-001

'Dog_Pit_20_A1
1.0913458e+000 5.7972283e+000 1.7038956e+000
7.8173065e-001 3.2447648e+000 2.7330153e+000
5.1479244e-001 5.1186714e+000 3.2213645e+000
1.5362873e+000 4.1724977e+000 1.2201624e+000
8.1064224e-001 4.7323370e+000 1.9366007e+000
8.4565735e-001 5.8047514e+000 2.3314528e+000
6.1462402e-001 5.4696741e+000 2.8824933e+000
5.1626301e-001 4.4517226e+000 3.4296789e+000
6.1841774e-001 3.6329577e+000 3.3549261e+000
1.3072758e+000 5.5056863e+000 1.3643570e+000
1.4511271e+000 4.7689719e+000 1.0644603e+000
1.4157696e+000 3.6401217e+000 1.5187311e+000
1.1150131e+000 3.2223573e+000 2.2792096e+000
9.0033817e-001 4.9487281e+000 1.8144770e+000
7.6539707e-001 4.3436832e+000 2.1132574e+000
7.3257351e-001 4.8739786e+000 2.1669164e+000
9.5074463e-001 4.6065283e+000 1.7458482e+000

'Dog_Pit_21_A1
1.7514232e+000 6.4464808e+000 2.5784714e+000
1.4364479e+000 4.1232834e+000 2.2725248e+000
7.5960839e-001 4.7125797e+000 2.4057240e+000
2.0842881e+000 4.8054724e+000 2.4280996e+000
1.4081395e+000 4.8528385e+000 2.2328773e+000
1.2924618e+000 6.1400323e+000 2.4817874e+000
9.9591768e-001 5.4369125e+000 2.4728947e+000
8.6727899e-001 4.4096212e+000 2.3967624e+000
1.1268613e+000 4.1869669e+000 2.3416367e+000
2.1268835e+000 6.0430503e+000 2.6097102e+000
2.1077685e+000 5.2347260e+000 2.5106196e+000
1.9667826e+000 4.4370294e+000 2.3658867e+000
1.7143199e+000 4.2001700e+000 2.2444263e+000
1.4585208e+000 4.9964938e+000 2.2867393e+000
1.3939248e+000 4.6126332e+000 2.2040005e+000
1.1092892e+000 4.8072271e+000 2.2431531e+000
1.5994698e+000 4.7546344e+000 2.2299571e+000

'Dog_Pit_22_A1
4.6109362e+000 1.0916316e-001 3.9446878e+000
1.3367764e+000 1.0231301e+000 3.6578970e+000
2.8848972e+000 2.0820751e+000 3.7982359e+000
2.0356650e+000 -6.7905045e-001 3.3860769e+000
2.2431860e+000 1.2711751e-001 3.4273415e+000
4.4687243e+000 8.8284278e-001 4.0139456e+000
3.8763385e+000 1.8798347e+000 3.8969088e+000
2.4540653e+000 1.9088382e+000 3.7405920e+000
1.8103491e+000 1.4122875e+000 3.6115074e+000
4.1186962e+000 -5.4697466e-001 3.8415508e+000
3.2828135e+000 -6.8958700e-001 3.6556883e+000
1.5037333e+000 -2.4340957e-001 3.4884453e+000
1.3113846e+000 4.4887680e-001 3.5212622e+000
2.9075432e+000 -5.6276128e-002 3.4921770e+000
1.9588203e+000 3.0121827e-001 3.4586411e+000
2.4169405e+000 3.7016982e-001 3.5100651e+000
2.2421508e+000 -2.3025450e-001 3.3873129e+000

'Dog_Pit_23_A1
-9.2230678e-001 2.9618869e+000 3.2606738e+000
-2.0574284e+000 -9.0692498e-002 3.0577416e+000
-3.2155631e+000 1.9760494e+000 3.0262284e+000
2.0663500e-002 6.8440217e-001 3.4715805e+000
-9.7665238e-001 4.7721890e-001 3.0272613e+000
-2.1387990e+000 2.7106199e+000 3.1017170e+000
-2.7464640e+000 2.3413911e+000 3.0860190e+000
-2.8953867e+000 9.5793527e-001 3.0896630e+000
-2.5888202e+000 3.9472222e-001 3.0831261e+000
-2.4306464e-001 2.4352059e+000 3.2750640e+000
-5.9916019e-002 1.6396021e+000 3.5240250e+000
-5.1686907e-001 -6.7426451e-002 3.3114510e+000
-1.3038701e+000 -1.4676343e-001 3.0660467e+000
-5.6732786e-001 8.5231590e-001 3.2869306e+000
-1.3769042e+000 3.0954829e-001 2.9965925e+000
-1.4722619e+000 1.1931713e+000 3.0294261e+000
-7.7778077e-001 1.0142132e-001 3.2243648e+000

'Dog_Pit_24_A1
1.2310519e+000 2.1958313e+000 2.0743365e+000
-8.5979241e-001 2.3064532e+000 1.9361954e+000
1.0275841e-004 3.2402647e+000 2.0818520e+000
-3.8380861e-002 1.3467604e+000 1.8379126e+000
-4.7781461e-001 2.2410672e+000 1.7229280e+000
1.0006187e+000 2.7852471e+000 2.0899820e+000
5.7332027e-001 3.0090859e+000 2.0845728e+000
-3.3081836e-001 3.0925941e+000 1.9678221e+000
-7.1246052e-001 2.7184100e+000 1.9001789e+000
9.5221972e-001 1.5703504e+000 1.9723229e+000
3.0903196e-001 1.2975330e+000 1.8484416e+000
-3.5383111e-001 1.6385463e+000 1.8453827e+000
-7.5779885e-001 1.9272902e+000 1.9142942e+000
-1.8866175e-001 2.2515280e+000 1.7069464e+000
-5.9826994e-001 2.1814601e+000 1.7779226e+000
-4.5740825e-001 2.5039308e+000 1.7303152e+000
-3.6328954e-001 2.0529084e+000 1.6879067e+000

'Dog_Pit_25_A1
3.2679923e+000 -7.8846006e+000 -1.0954957e+000
5.9865010e-001 -7.8351703e+000 -4.0890312e-001
1.5932550e+000 -7.0784736e+000 -4.2923450e-002
1.2061963e+000 -8.3962431e+000 -1.1107788e+000
1.2904476e+000 -7.8809638e+000 -8.9124727e-001
2.9355474e+000 -7.4216747e+000 -6.0328436e-001
2.3671250e+000 -7.1575136e+000 -2.8863621e-001
1.2680631e+000 -7.1636796e+000 -3.6366940e-002
8.6961246e-001 -7.4884534e+000 -2.6565075e-001
2.7685740e+000 -8.3787975e+000 -1.4064207e+000
1.9802805e+000 -8.4621029e+000 -1.3500919e+000
8.7871200e-001 -8.2831459e+000 -9.8307133e-001
5.6937540e-001 -8.1452122e+000 -7.3000526e-001
1.5697306e+000 -7.8719192e+000 -9.4424868e-001
9.2817998e-001 -7.8859224e+000 -7.4184418e-001
1.2537730e+000 -7.6376843e+000 -6.6860294e-001
1.2294354e+000 -8.0670509e+000 -9.5829248e-001

'Dog_Pit_26_A1
2.5502951e+000 3.8339334e+000 2.3216934e+000
6.4967310e-001 4.3020067e+000 2.2786779e+000
1.6890295e+000 4.8359337e+000 2.3960924e+000
1.4065528e+000 3.3267756e+000 2.1952720e+000
1.7510666e+000 3.9416914e+000 2.1182661e+000
2.4439123e+000 4.3221040e+000 2.3456087e+000
2.1592865e+000 4.5930495e+000 2.3794680e+000
1.3891516e+000 4.8090286e+000 2.3621750e+000
8.2044929e-001 4.6316218e+000 2.2744899e+000
2.3117507e+000 3.4504924e+000 2.2573614e+000
1.8580213e+000 3.3663673e+000 2.2155724e+000
1.0882759e+000 3.4911137e+000 2.1926703e+000
6.9642508e-001 3.8369949e+000 2.2492342e+000
1.9873695e+000 3.8748603e+000 2.1621847e+000
1.4605901e+000 4.0178423e+000 2.1327987e+000
1.8086249e+000 4.1981759e+000 2.1563282e+000
1.6921529e+000 3.6923306e+000 2.1713781e+000

'Dog_Pit_27_A1
7.0822573e+000 2.3897500e+000 -5.9060926e+000
6.1739273e+000 8.5926777e-001 -5.9430962e+000
6.0305600e+000 1.8309946e+000 -5.9093952e+000
7.0325637e+000 1.3885758e+000 -5.9155045e+000
6.6183691e+000 1.7344753e+000 -6.0635395e+000
6.7031717e+000 2.4480443e+000 -5.9343987e+000
6.3309865e+000 2.3666096e+000 -5.9606056e+000
5.8994093e+000 1.4941103e+000 -5.8872948e+000
5.9354191e+000 1.1643019e+000 -6.0220814e+000
7.4054203e+000 1.9834212e+000 -5.9082031e+000
7.1512737e+000 1.6760284e+000 -5.9082251e+000
6.8729296e+000 1.0645251e+000 -5.9160347e+000
6.5717916e+000 8.1923246e-001 -5.9236231e+000
6.7839770e+000 2.0543113e+000 -6.0633154e+000
6.4719152e+000 1.4384848e+000 -5.9967604e+000
6.3429976e+000 1.7116364e+000 -6.0332508e+000
6.7882304e+000 1.4841819e+000 -5.9504156e+000

'Dog_Pit_28_A1
2.3596742e+000 4.9650469e+000 1.3138680e+000
7.7067947e-001 3.2011714e+000 1.4297953e+000
8.4356010e-001 4.4899497e+000 1.3915443e+000
1.8485579e+000 3.5994065e+000 1.4066458e+000
1.2584354e+000 3.6409793e+000 1.1942582e+000
1.8869079e+000 4.9130015e+000 1.2948337e+000
1.2694312e+000 4.7101207e+000 1.3299918e+000
6.7926347e-001 4.1933818e+000 1.3795123e+000
6.3865829e-001 3.5410581e+000 1.3356256e+000
2.4670582e+000 4.5172663e+000 1.2784066e+000
2.1900649e+000 3.9720018e+000 1.3542929e+000
1.6014167e+000 3.4157295e+000 1.4208326e+000
1.1889774e+000 3.1754134e+000 1.4065785e+000
1.4067110e+000 3.7701631e+000 1.2007284e+000
1.1640462e+000 3.5285883e+000 1.2166266e+000
1.1754266e+000 3.7595716e+000 1.1786728e+000
1.3360499e+000 3.5644305e+000 1.2434311e+000

'Dog_Pit_29_A1
6.9600821e-001 -3.8353848e+000 2.7555256e+000
2.6951385e+000 -3.6525931e+000 2.7535315e+000
1.7840844e+000 -4.5517058e+000 2.4956083e+000
1.6507909e+000 -2.8462203e+000 2.8933063e+000
1.8211331e+000 -3.5296528e+000 2.6737552e+000
9.1632366e-001 -4.3211007e+000 2.5762057e+000
1.2497880e+000 -4.5140533e+000 2.5265055e+000
2.1540315e+000 -4.5174155e+000 2.4774642e+000
2.6804435e+000 -4.0885773e+000 2.6554289e+000
7.9576826e-001 -3.3400521e+000 2.8731537e+000
1.1739092e+000 -3.1049130e+000 2.9449530e+000
2.0365520e+000 -3.0198190e+000 2.9516921e+000
2.5227551e+000 -3.2872288e+000 2.7839365e+000
1.4745858e+000 -3.5473647e+000 2.6734424e+000
2.0560915e+000 -3.4903712e+000 2.7104659e+000
1.8126891e+000 -3.7910185e+000 2.6077194e+000
1.7187445e+000 -3.2836812e+000 2.7785645e+000

'Dog_Pit_30_A1
6.8497028e+000 -3.2155409e-001 -5.9583130e+000
4.9867506e+000 -3.8358688e-001 -6.0474443e+000
5.4732633e+000 3.5860127e-001 -5.8924780e+000
5.5301871e+000 -1.0990037e+000 -5.9423723e+000
5.4662275e+000 -3.7116691e-001 -6.0666275e+000
6.4970989e+000 1.5875269e-001 -5.9902277e+000
6.0723996e+000 2.3726279e-001 -5.9622393e+000
5.0973477e+000 3.3029655e-001 -5.9886494e+000
4.8633947e+000 -5.4855049e-002 -6.1298656e+000
6.5513730e+000 -7.3468632e-001 -6.0001984e+000
6.0647326e+000 -1.0780171e+000 -5.9847603e+000
5.2510877e+000 -8.9075363e-001 -5.9801579e+000
5.0498714e+000 -6.6520512e-001 -6.0490379e+000
5.7787347e+000 -4.5181376e-001 -6.0641146e+000
5.2362471e+000 -4.1286623e-001 -6.0503244e+000
5.4407849e+000 -9.5313109e-002 -6.0799294e+000
5.4181423e+000 -6.2989730e-001 -6.0446844e+000
