[individuals]
30
[landmarks]
17
[dimensions]
3
[names]
Dog_Pit_1_A3
Dog_Pit_2_A3
Dog_Pit_3_A3
Dog_Pit_4_A3
Dog_Pit_5_A3
Dog_Pit_6_A3
Dog_Pit_7_A3
Dog_Pit_8_A3
Dog_Pit_9_A3
Dog_Pit_10_A3
Dog_Pit_11_A3
Dog_Pit_12_A3
Dog_Pit_13_A3
Dog_Pit_14_A3
Dog_Pit_15_A3
Dog_Pit_16_A3
Dog_Pit_17_A3
Dog_Pit_18_A3
Dog_Pit_19_A3
Dog_Pit_20_A3
Dog_Pit_21_A3
Dog_Pit_22_A3
Dog_Pit_23_A3
Dog_Pit_24_A3
Dog_Pit_25_A3
Dog_Pit_26_A3
Dog_Pit_27_A3
Dog_Pit_28_A3
Dog_Pit_29_A3
Dog_Pit_30_A3
[labels]
Sample
[labelvalues]
A3
A3
A3
A3
A3
A3
A3
A3
A3
A3
A3
A3
A3
A3
A3
A3
A3
A3
A3
A3
A3
A3
A3
A3
A3
A3
A3
A3
A3
A3
[rawpoints]
'Dog_Pit_1_A3
9.1667938e-001 -2.5224001e+000 5.0815034e-001
-5.9833527e-002 -8.8016212e-001 2.2856922e+000
8.1409788e-001 -1.0322722e+000 1.1635027e+000
2.5492191e-002 -2.5740800e+000 1.8128383e+000
1.5070033e-001 -1.8152204e+000 1.3878818e+000
1.0362852e+000 -1.9021852e+000 5.4228520e-001
9.2701364e-001 -1.4194186e+000 7.9628873e-001
4.8271370e-001 -7.8366601e-001 1.5833559e+000
2.5490379e-001 -6.4971542e-001 1.9262035e+000
6.2670374e-001 -2.7155445e+000 9.6954203e-001
3.0128145e-001 -2.7100937e+000 1.4661694e+000
-1.3834524e-001 -1.9781703e+000 2.2718010e+000
-1.6033649e-001 -1.3980314e+000 2.4128344e+000
4.2393398e-001 -2.0714946e+000 1.0871756e+000
7.3962688e-002 -1.4396214e+000 1.8454740e+000
5.1164222e-001 -1.5401242e+000 1.2770743e+000
4.2963028e-002 -2.3285711e+000 1.7559216e+000

'Dog_Pit_2_A3
1.8393192e+000 5.9409940e-001 -1.4105129e-001
3.3007789e+000 9.0934312e-001 -1.2120104e-001
2.7855608e+000 1.4489897e-001 -2.9078484e-002
2.6377358e+000 1.4070686e+000 -1.9939184e-001
2.6226163e+000 7.2121787e-001 -3.4299946e-001
2.1370838e+000 3.8347408e-001 -6.9528103e-002
2.4547613e+000 2.6481783e-001 -7.3038101e-002
3.0593014e+000 2.9670605e-001 -6.7392349e-002
3.2332549e+000 5.5203497e-001 -8.0026627e-002
1.9540298e+000 9.7013301e-001 -3.3536339e-001
2.2861135e+000 1.2644676e+000 -3.6173201e-001
2.9324973e+000 1.4482982e+000 -2.1447945e-001
3.2100258e+000 1.2820042e+000 -1.8964386e-001
2.2905576e+000 7.2178745e-001 -2.2599411e-001
2.9741437e+000 8.0831397e-001 -2.3581743e-001
2.7492800e+000 4.2296374e-001 -1.5727520e-001
2.6074910e+000 9.7293425e-001 -2.8211594e-001

'Dog_Pit_3_A3
2.2449999e+000 1.9454901e+000 -2.8546143e-001
5.9218729e-001 1.7765907e+000 -3.3590794e-001
1.2730190e+000 2.6582556e+000 -3.7280464e-001
1.2964385e+000 1.0616602e+000 -2.5285053e-001
1.3888603e+000 1.7835627e+000 -5.9195328e-001
2.0206339e+000 2.2572868e+000 -3.3963585e-001
1.6602812e+000 2.5703866e+000 -3.6986160e-001
9.3429542e-001 2.4672670e+000 -3.3502483e-001
7.0510662e-001 2.1785374e+000 -3.4808922e-001
1.9903302e+000 1.4871715e+000 -3.9250803e-001
1.6792536e+000 1.3035551e+000 -3.9084768e-001
1.0208293e+000 1.1230862e+000 -2.6475906e-001
7.6038271e-001 1.4358481e+000 -3.7037563e-001
1.7734537e+000 1.8241127e+000 -4.7028828e-001
1.0255903e+000 1.8359383e+000 -4.4595861e-001
1.3369349e+000 2.1949551e+000 -5.3887892e-001
1.2965584e+000 1.2741793e+000 -3.7632656e-001

'Dog_Pit_4_A3
-3.0495834e+000 -1.9192591e+000 -3.6136913e-001
-3.2693853e+000 8.8092738e-001 -5.2078485e-001
-2.0504353e+000 -4.1747096e-001 -2.1009684e-001
-4.0186906e+000 -3.6277649e-001 -4.0190315e-001
-2.9640636e+000 -3.6052185e-001 -5.7621813e-001
-2.5186124e+000 -1.6869118e+000 -2.9059267e-001
-2.1789567e+000 -1.0784674e+000 -2.6493645e-001
-2.3083735e+000 2.7187017e-001 -3.7563229e-001
-2.6805217e+000 6.2067223e-001 -5.2105713e-001
-3.7140455e+000 -1.5209315e+000 -3.9491749e-001
-3.9505019e+000 -9.6840930e-001 -4.4827986e-001
-4.0389309e+000 2.5272104e-001 -3.8202000e-001
-3.8235481e+000 6.4583468e-001 -4.5975113e-001
-2.9741549e+000 -1.1382686e+000 -4.8848939e-001
-3.0568445e+000 2.7166414e-001 -5.6931973e-001
-2.5095687e+000 -3.9169490e-001 -4.2470694e-001
-3.3295441e+000 -2.8785715e-001 -4.9203396e-001

'Dog_Pit_5_A3
4.3403034e+000 6.4393651e-001 5.7979584e-002
6.6485729e+000 -1.4200728e-001 5.2217698e-001
5.5894990e+000 -7.3023695e-001 3.1519985e-001
5.9943595e+000 8.3199948e-001 2.4184346e-001
5.7491064e+000 1.5632740e-001 1.7194366e-001
4.6760998e+000 8.2828701e-002 2.0451021e-001
5.0599766e+000 -3.5481241e-001 2.7983451e-001
6.1004057e+000 -6.4410520e-001 4.2999697e-001
6.4231582e+000 -4.5224562e-001 4.8719621e-001
4.7797117e+000 9.2229325e-001 4.0080547e-003
5.3196545e+000 1.0105684e+000 6.2692165e-002
6.3518934e+000 6.6180640e-001 3.0724025e-001
6.6397886e+000 2.5573614e-001 4.7747612e-001
4.9353204e+000 4.0858608e-001 1.2040281e-001
6.3356128e+000 -8.2940713e-002 3.7510324e-001
5.7404881e+000 -4.3542093e-001 2.7956367e-001
5.9524794e+000 5.4477131e-001 2.4152923e-001

'Dog_Pit_6_A3
-1.6812108e+000 2.8104074e+000 -5.3801131e-001
-4.3592658e+000 3.0654137e+000 -7.5409245e-001
-3.2162282e+000 3.8085344e+000 -6.6759801e-001
-3.5631402e+000 2.0190072e+000 -4.6783042e-001
-3.2683272e+000 3.0325825e+000 -8.7840748e-001
-2.1303661e+000 3.4086077e+000 -5.4731250e-001
-2.6737995e+000 3.6647286e+000 -5.6961679e-001
-3.7521219e+000 3.7150438e+000 -7.6074862e-001
-4.1681352e+000 3.4043989e+000 -7.8030205e-001
-2.0535221e+000 2.2599223e+000 -5.1443338e-001
-2.7130823e+000 2.0466027e+000 -5.4383135e-001
-3.8786101e+000 2.2737062e+000 -5.6543112e-001
-4.2726583e+000 2.5674183e+000 -5.3956914e-001
-2.4076819e+000 2.8572078e+000 -6.6121268e-001
-3.9152894e+000 3.0660996e+000 -8.3771467e-001
-3.1931415e+000 3.4629593e+000 -7.9859209e-001
-3.4186110e+000 2.5568914e+000 -5.8720732e-001

'Dog_Pit_7_A3
2.8161020e+000 2.9578769e+000 -2.3557758e-001
4.6972346e-001 5.5738449e+000 -5.6587124e-001
2.6927907e+000 5.0135794e+000 -2.4720001e-001
7.0209408e-001 3.5701132e+000 -4.2447376e-001
1.4184675e+000 4.5146713e+000 -6.7917299e-001
2.9889736e+000 3.7513025e+000 -4.2754269e-001
2.9441180e+000 4.3867221e+000 -2.5069332e-001
2.0035620e+000 5.5139513e+000 -3.0063057e-001
1.2849593e+000 5.7128305e+000 -4.5290852e-001
2.0802429e+000 2.9351015e+000 -3.4534550e-001
1.4064476e+000 3.1267171e+000 -4.0703392e-001
3.3484626e-001 4.1576385e+000 -4.8425674e-001
3.5022616e-001 4.8535843e+000 -5.2776337e-001
1.8898432e+000 4.0439076e+000 -5.8869743e-001
1.1834441e+000 4.8087854e+000 -6.4125586e-001
1.9398410e+000 4.6691055e+000 -4.8595333e-001
1.0364075e+000 4.0468836e+000 -5.7501793e-001

'Dog_Pit_8_A3
-1.9960502e+000 -2.3025117e+000 -2.7291918e-001
4.8639059e-001 -2.8914533e+000 -1.0417509e-001
-1.0661129e+000 -3.4825759e+000 -2.4345493e-001
-4.2272282e-001 -1.7097731e+000 -1.1745358e-001
-3.7486362e-001 -2.8723843e+000 -4.1368294e-001
-1.8139402e+000 -2.9000034e+000 -1.2954807e-001
-1.4891653e+000 -3.2445898e+000 -1.7825413e-001
-3.8625097e-001 -3.4292595e+000 -2.3858547e-001
1.3237977e-001 -3.2641549e+000 -1.6710806e-001
-1.5318924e+000 -1.8573512e+000 -1.4643526e-001
-9.5766532e-001 -1.7203327e+000 -1.6406679e-001
1.9353414e-001 -1.9520845e+000 -1.0859776e-001
5.8600736e-001 -2.3618813e+000 -2.7199268e-002
-8.4370738e-001 -2.6372440e+000 -2.9252863e-001
2.0591605e-001 -2.8553967e+000 -2.0526361e-001
-8.6719495e-001 -3.1163774e+000 -3.5505676e-001
-4.2904866e-001 -2.1473331e+000 -2.3132467e-001

'Dog_Pit_9_A3
3.7386825e+000 5.3121099e+000 7.5457668e-001
4.8344998e+000 6.4496012e+000 6.6019154e-001
4.9508977e+000 5.5123034e+000 7.7436066e-001
3.8908889e+000 6.5136647e+000 6.1654282e-001
4.4387293e+000 5.9710193e+000 4.0213299e-001
4.2175341e+000 5.1866512e+000 7.2968292e-001
4.5826163e+000 5.2583833e+000 7.1656990e-001
5.0855212e+000 5.8186607e+000 6.8022442e-001
5.0812349e+000 6.1754184e+000 6.9703007e-001
3.6452975e+000 5.8022404e+000 7.7172089e-001
3.6487448e+000 6.1975846e+000 6.5337944e-001
4.1807899e+000 6.6811624e+000 6.2390804e-001
4.5114040e+000 6.6351309e+000 5.7479858e-001
4.1033201e+000 5.6957183e+000 5.6403065e-001
4.6075163e+000 6.1547174e+000 6.1129379e-001
4.5846701e+000 5.5837216e+000 5.7666588e-001
4.1644320e+000 6.2477446e+000 5.3574085e-001

'Dog_Pit_10_A3
-2.2442448e-001 6.1478996e+000 8.5749245e-001
-1.4066333e+000 8.0649109e+000 5.9163761e-001
-3.8260663e-001 7.7505312e+000 5.3382206e-001
-1.6579245e+000 6.6972508e+000 8.8944912e-001
-1.1111581e+000 7.4154024e+000 3.1805801e-001
-1.5957856e-001 6.7812181e+000 7.5291920e-001
-2.3606133e-001 7.2625093e+000 6.5999842e-001
-7.2007525e-001 7.9763665e+000 5.2957726e-001
-1.0378076e+000 8.1118708e+000 5.0167847e-001
-8.0794799e-001 6.1415005e+000 8.7932014e-001
-1.3084189e+000 6.3889527e+000 9.0482330e-001
-1.7249373e+000 7.1641741e+000 8.5681725e-001
-1.6392094e+000 7.6519456e+000 6.9023323e-001
-7.9657626e-001 6.9301414e+000 5.6174183e-001
-1.1659721e+000 7.7500825e+000 3.7725163e-001
-7.0659596e-001 7.6413560e+000 4.7008514e-001
-1.3239888e+000 7.1931105e+000 5.7742691e-001

'Dog_Pit_11_A3
9.7567213e-001 -3.9672017e+000 3.5478592e-002
-6.3764083e-001 -2.2944155e+000 6.0609627e-001
7.4073470e-001 -2.1060331e+000 5.9153605e-001
-6.8790579e-001 -3.4955609e+000 1.0506916e-001
1.7685890e-002 -2.7516656e+000 6.4926147e-002
1.0091044e+000 -3.2538941e+000 3.3368874e-001
9.5226586e-001 -2.6478412e+000 4.6253252e-001
2.0659602e-001 -1.9203881e+000 7.0333576e-001
-3.0619717e-001 -2.0283310e+000 7.7367735e-001
3.1591249e-001 -3.9970226e+000 -9.6073151e-003
-2.4470067e-001 -3.8307590e+000 3.8589478e-002
-9.4006586e-001 -3.0747988e+000 1.8180132e-001
-8.1412596e-001 -2.6877642e+000 3.3755016e-001
5.7520962e-001 -3.4028826e+000 4.8829556e-002
-3.1310236e-001 -2.4012341e+000 3.6237860e-001
3.9068151e-001 -2.3640203e+000 3.9972544e-001
-3.3463895e-001 -3.0633924e+000 1.5484142e-001

'Dog_Pit_12_A3
4.7310901e+000 8.3282262e-001 1.2875524e+000
3.7783220e-001 3.4001711e-001 1.0752673e+000
2.1376801e+000 2.0818396e+000 1.1230011e+000
2.1289082e+000 -5.3284806e-001 1.0165892e+000
2.7426136e+000 6.0475028e-001 3.7006760e-001
4.1995707e+000 1.4942243e+000 1.1967497e+000
3.1850035e+000 1.8724073e+000 1.0695028e+000
1.3547956e+000 1.6173159e+000 1.2042809e+000
8.2083201e-001 1.1080828e+000 1.1293936e+000
3.8114028e+000 -2.9937220e-001 1.2157278e+000
2.8689322e+000 -4.1265598e-001 1.2118626e+000
1.3512784e+000 -7.3574185e-001 8.3053350e-001
6.4568734e-001 -4.7209936e-001 9.0157318e-001
3.8352981e+000 7.8636813e-001 9.0472126e-001
2.1022096e+000 6.8945128e-001 6.7545938e-001
2.6900463e+000 1.2969872e+000 7.5611115e-001
2.7547290e+000 -2.8377065e-002 9.9772692e-001

'Dog_Pit_13_A3
-5.0309377e+000 1.4496195e+000 1.3539219e+000
-6.4236088e+000 2.9740882e+000 1.4374080e+000
-5.2091947e+000 2.7885168e+000 1.4829564e+000
-6.4181352e+000 1.8073866e+000 1.6346316e+000
-5.7599611e+000 2.3832912e+000 1.1778893e+000
-4.8893266e+000 1.9682658e+000 1.3692799e+000
-5.0195112e+000 2.4317582e+000 1.3842468e+000
-5.6047091e+000 3.0567157e+000 1.4624810e+000
-5.9790454e+000 3.0464375e+000 1.4756117e+000
-5.6194715e+000 1.3316760e+000 1.3465939e+000
-6.1328177e+000 1.5052668e+000 1.4950171e+000
-6.5627937e+000 2.1603088e+000 1.6538978e+000
-6.5506115e+000 2.5448134e+000 1.6384354e+000
-5.2988482e+000 1.8472745e+000 1.2324963e+000
-6.1488695e+000 2.7034953e+000 1.3969789e+000
-5.5335026e+000 2.5857549e+000 1.3391051e+000
-6.1649685e+000 2.0777249e+000 1.4335299e+000

'Dog_Pit_14_A3
-5.7702489e+000 -1.4091194e+000 7.4448490e-001
-2.9670694e+000 -3.2715366e+000 1.4905405e-001
-4.8921356e+000 -3.4804626e+000 1.1088800e-001
-3.2669034e+000 -1.5479081e+000 7.3966599e-001
-4.1027498e+000 -2.5890360e+000 -1.3831639e-001
-5.7314930e+000 -2.2114637e+000 4.6509504e-001
-5.3717251e+000 -2.8685582e+000 3.0760241e-001
-4.1410966e+000 -3.6204810e+000 -1.3810968e-001
-3.4339879e+000 -3.5628593e+000 -1.9891262e-002
-4.9690113e+000 -1.1891021e+000 8.2682037e-001
-4.0300655e+000 -1.2463052e+000 8.2439804e-001
-2.8592937e+000 -2.0870426e+000 4.5843506e-001
-2.8269234e+000 -2.6560745e+000 1.8266249e-001
-5.1692581e+000 -1.8962830e+000 3.0791092e-001
-3.4843693e+000 -2.7019281e+000 -3.8354397e-002
-4.5296326e+000 -2.8682461e+000 -3.8130760e-002
-4.0825849e+000 -1.7901103e+000 3.0126619e-001

'Dog_Pit_15_A3
-2.8872509e+000 1.7735511e+000 1.2346296e+000
-1.1207756e+000 3.4984928e-001 9.5079899e-001
-2.3298707e+000 2.6179436e-001 9.4896317e-001
-1.1624703e+000 1.5474008e+000 1.0956402e+000
-1.6199226e+000 6.8493593e-001 7.1986532e-001
-2.9592371e+000 1.2310668e+000 1.1291380e+000
-2.7003441e+000 6.4746958e-001 1.0381413e+000
-1.9126576e+000 1.2295016e-001 9.5101023e-001
-1.4466711e+000 1.3444187e-001 9.1081142e-001
-2.2452126e+000 1.9993712e+000 1.1656313e+000
-1.6948317e+000 1.8738103e+000 1.0758286e+000
-9.5866889e-001 1.1519744e+000 1.0782671e+000
-9.3242753e-001 7.2750562e-001 1.0572557e+000
-2.5221286e+000 1.3631583e+000 1.0271072e+000
-1.3478168e+000 5.3375435e-001 8.2220125e-001
-2.1118407e+000 5.0829607e-001 8.8004494e-001
-1.4423131e+000 1.2615758e+000 8.7701511e-001

'Dog_Pit_16_A3
5.4412613e+000 1.5240341e-001 1.0918632e+000
4.2048230e+000 -1.5255141e+000 5.0630569e-001
3.9892616e+000 -5.8420771e-001 7.5493336e-001
5.2327199e+000 -1.5354010e+000 7.1502161e-001
4.5768647e+000 -9.6159798e-001 4.3675709e-001
4.8264418e+000 5.4233201e-002 1.0401721e+000
4.3447104e+000 -1.4021724e-001 9.3408918e-001
3.8553357e+000 -9.9574220e-001 7.5028229e-001
3.8935113e+000 -1.2736988e+000 6.9649267e-001
5.6237345e+000 -5.0687742e-001 9.9721718e-001
5.5084405e+000 -9.9192822e-001 8.6926460e-001
4.9355183e+000 -1.6626176e+000 6.3869429e-001
4.6319413e+000 -1.6573492e+000 5.4798460e-001
5.0686789e+000 -3.6284387e-001 8.1455231e-001
4.4287305e+000 -1.2130780e+000 4.5353889e-001
4.3274946e+000 -6.7471451e-001 5.6480312e-001
5.0180035e+000 -1.1684591e+000 6.7299557e-001

'Dog_Pit_17_A3
8.3334770e+000 -5.4262930e-001 1.1812067e+000
6.7520452e+000 2.3682070e-001 1.3828845e+000
7.6405182e+000 5.0650531e-001 1.4456639e+000
7.2111177e+000 -1.0046241e+000 1.1556883e+000
7.3055449e+000 -4.6822581e-002 1.0416908e+000
8.2193680e+000 -3.4492385e-002 1.2852621e+000
7.9659843e+000 2.9231092e-001 1.4014311e+000
7.3243904e+000 5.6393522e-001 1.4020748e+000
7.0035777e+000 4.6939203e-001 1.3533473e+000
8.0666952e+000 -9.3769109e-001 1.1785221e+000
7.5644326e+000 -1.0403011e+000 1.1799726e+000
6.9290299e+000 -7.6571006e-001 1.1404648e+000
6.7447591e+000 -2.5400916e-001 1.1961346e+000
7.9642162e+000 -4.4612357e-001 1.0548000e+000
6.9044385e+000 1.5224592e-001 1.3041024e+000
7.5224276e+000 2.5614899e-001 1.2424307e+000
7.1199770e+000 -4.4511989e-001 1.1905918e+000

'Dog_Pit_18_A3
-3.0093193e-001 4.6400853e-002 3.4397831e+000
-1.0552931e+000 -1.9385804e+000 2.6226707e+000
-1.7281761e+000 -1.5014839e+000 3.5989754e+000
5.6041718e-002 -1.1737356e+000 2.0936677e+000
-1.1141417e+000 -1.4273968e+000 2.7134342e+000
-9.3702006e-001 -4.6669614e-001 3.8433444e+000
-1.3440974e+000 -9.6647441e-001 3.8795753e+000
-1.6162503e+000 -1.7690693e+000 3.2147636e+000
-1.3944149e+000 -1.9452200e+000 2.8835177e+000
7.9050064e-002 -1.6037729e-001 2.8200281e+000
2.0488310e-001 -6.2235785e-001 2.3556428e+000
-2.7790713e-001 -1.6364803e+000 2.1151247e+000
-6.5246391e-001 -1.8157386e+000 2.3429334e+000
-7.5315690e-001 -9.0668398e-001 2.9076345e+000
-1.0991191e+000 -1.6896784e+000 2.6613784e+000
-1.4694602e+000 -1.3917071e+000 3.2447696e+000
-3.2537454e-001 -1.2388004e+000 2.3705630e+000

'Dog_Pit_19_A3
1.1188941e+000 -4.4625667e-001 1.2675515e+000
1.1032381e+000 -2.4769015e+000 -5.3449392e-001
1.7609072e-001 -2.1884880e+000 1.0476487e+000
1.9116187e+000 -1.0856485e+000 -4.4313049e-001
7.8340244e-001 -1.4509946e+000 3.2029819e-001
6.4733267e-001 -9.2328358e-001 1.4875962e+000
2.7213335e-001 -1.5980949e+000 1.3683112e+000
4.5747709e-001 -2.4554837e+000 4.5801067e-001
7.4870586e-001 -2.5251300e+000 1.7082930e-002
1.4538012e+000 -6.0833150e-001 6.8086958e-001
1.6310687e+000 -8.2205021e-001 -5.5184364e-003
1.7587137e+000 -1.5656549e+000 -6.8748522e-001
1.4838164e+000 -2.0182621e+000 -6.9648623e-001
8.7835860e-001 -1.0886582e+000 6.7407203e-001
8.4620810e-001 -1.9292780e+000 7.9618692e-002
4.1353869e-001 -1.7932101e+000 6.6423821e-001
1.2276402e+000 -1.3639191e+000 -7.8137159e-002

'Dog_Pit_20_A3
1.0104251e+000 5.7335744e+000 1.9229341e+000
1.0599422e+000 3.4673390e+000 2.2666068e+000
6.2611628e-001 4.3973870e+000 3.0506592e+000
1.4899693e+000 4.1316004e+000 1.3110096e+000
8.0297422e-001 4.3619847e+000 1.9498901e+000
7.3876333e-001 5.5497942e+000 2.5732231e+000
6.8561316e-001 4.9725876e+000 2.9481058e+000
6.9521666e-001 4.0027523e+000 3.0359473e+000
7.6494074e-001 3.5968726e+000 2.7243118e+000
1.1977940e+000 5.3401442e+000 1.4288735e+000
1.3219962e+000 4.7243114e+000 1.2590771e+000
1.3638620e+000 3.7047095e+000 1.5580587e+000
1.1757765e+000 3.5197768e+000 1.8578703e+000
8.3725882e-001 5.2834573e+000 1.9752557e+000
9.0112066e-001 3.7742894e+000 2.1870625e+000
7.1794033e-001 4.3923159e+000 2.5938866e+000
1.1250677e+000 4.2497888e+000 1.6529775e+000

'Dog_Pit_21_A3
1.6129043e+000 6.2910719e+000 2.5163770e+000
1.5421696e+000 4.2217679e+000 2.2608724e+000
8.0271649e-001 4.7762132e+000 2.3966246e+000
1.9689456e+000 4.7819982e+000 2.4354503e+000
1.3246115e+000 4.7689123e+000 2.2068236e+000
1.1860740e+000 5.7706666e+000 2.4979367e+000
1.0048995e+000 5.3641138e+000 2.4649284e+000
9.6868014e-001 4.4287443e+000 2.3726366e+000
1.2340156e+000 4.2355084e+000 2.3080842e+000
1.9382684e+000 5.7109237e+000 2.5144064e+000
1.9724653e+000 5.1675062e+000 2.4951503e+000
1.9115945e+000 4.5097108e+000 2.3789279e+000
1.8068213e+000 4.3107572e+000 2.2767479e+000
1.4099441e+000 5.2264218e+000 2.3361259e+000
1.3565361e+000 4.4652505e+000 2.2686892e+000
1.0611789e+000 4.8027744e+000 2.2634237e+000
1.7783968e+000 4.7777286e+000 2.3564923e+000

'Dog_Pit_22_A3
4.7295909e+000 4.3139130e-001 3.9902616e+000
1.4659997e+000 5.5105042e-001 3.5431352e+000
2.5960686e+000 1.8021903e+000 3.7374659e+000
2.6620712e+000 -7.9520041e-001 3.4164743e+000
2.4146476e+000 6.8033524e-002 3.3880122e+000
4.2421899e+000 1.2919941e+000 3.9199839e+000
3.5664959e+000 1.7981339e+000 3.7985349e+000
2.0401106e+000 1.5255655e+000 3.6189508e+000
1.6114680e+000 1.0782255e+000 3.6202407e+000
4.2313085e+000 -2.3731676e-001 3.8828745e+000
3.5178230e+000 -6.1422759e-001 3.7227616e+000
2.0464859e+000 -6.4964759e-001 3.3913674e+000
1.6278243e+000 -1.1442246e-001 3.4998159e+000
3.0241580e+000 9.2321642e-002 3.5039115e+000
1.7818255e+000 2.2525899e-002 3.5235045e+000
2.3661482e+000 5.1360881e-001 3.5448236e+000
2.4923449e+000 -5.0861722e-001 3.3949704e+000

'Dog_Pit_23_A3
-5.0048852e-001 3.0492749e+000 3.2159958e+000
-1.8066375e+000 -2.1774757e-001 2.9401951e+000
-2.9124837e+000 1.6407150e+000 3.0630560e+000
-1.7055941e-001 8.5043007e-001 3.4515905e+000
-8.7400818e-001 6.7528296e-001 3.0337715e+000
-1.6026258e+000 2.9329598e+000 3.0893774e+000
-2.3642762e+000 2.3532698e+000 3.1348133e+000
-2.8507791e+000 8.7999165e-001 3.0838537e+000
-2.4727435e+000 3.0531394e-001 3.0827703e+000
1.0035992e-002 2.2108521e+000 3.4578009e+000
-1.4701128e-001 1.3028858e+000 3.5158539e+000
-4.9716806e-001 1.7067564e-001 3.3348770e+000
-1.1656578e+000 -1.7654917e-001 3.1186876e+000
-8.7639618e-001 1.8342812e+000 3.1007099e+000
-1.4607248e+000 1.1031907e+000 3.0400524e+000
-4.9363184e-001 9.3909192e-001 3.3394547e+000
-1.0037918e+000 2.8948873e-001 3.0844593e+000

'Dog_Pit_24_A3
1.3721445e+000 2.5036495e+000 2.1425362e+000
-7.9498893e-001 2.1886866e+000 1.9343233e+000
-1.4142680e-001 3.0083470e+000 1.9610763e+000
2.1745861e-001 1.3076385e+000 1.8444009e+000
-3.4132385e-001 2.3161237e+000 1.6809406e+000
9.5242077e-001 2.7970722e+000 2.0781260e+000
4.9258178e-001 2.9960463e+000 2.0706720e+000
-5.0036854e-001 2.7703800e+000 1.8782892e+000
-7.2432894e-001 2.5053124e+000 1.9445500e+000
1.1411426e+000 1.9075224e+000 2.0305142e+000
6.8530172e-001 1.4375231e+000 1.9296155e+000
-2.1373120e-001 1.5825096e+000 1.8556786e+000
-5.6059664e-001 1.8407505e+000 1.9070511e+000
3.0635262e-001 2.4239507e+000 1.8112479e+000
-6.8046951e-001 2.2269466e+000 1.8713455e+000
-3.5008782e-001 2.6599181e+000 1.7807528e+000
-2.7658302e-001 1.9485873e+000 1.7510214e+000

'Dog_Pit_25_A3
3.0372629e+000 -7.7365775e+000 -9.0189481e-001
6.6455549e-001 -8.0050220e+000 -5.9079146e-001
1.3915254e+000 -7.1532922e+000 -6.2642574e-002
1.6434697e+000 -8.4808159e+000 -1.3311903e+000
1.2682216e+000 -7.7742124e+000 -8.4951830e-001
2.6161342e+000 -7.2912273e+000 -5.1338649e-001
2.0406184e+000 -7.1528277e+000 -2.1249199e-001
1.0125202e+000 -7.3901749e+000 -2.2224879e-001
7.7206981e-001 -7.7340150e+000 -3.9445925e-001
2.8245471e+000 -8.2746239e+000 -1.3378618e+000
2.1809998e+000 -8.5188770e+000 -1.4044578e+000
1.2635057e+000 -8.3903933e+000 -1.1160271e+000
8.7204617e-001 -8.2344313e+000 -9.4933248e-001
1.9819915e+000 -7.7646255e+000 -8.6272168e-001
9.0658522e-001 -7.8716474e+000 -7.0057392e-001
1.3526115e+000 -7.5409594e+000 -5.6727695e-001
1.2234001e+000 -8.1289444e+000 -9.8003960e-001

'Dog_Pit_26_A3
2.4358532e+000 3.9740837e+000 2.3176656e+000
7.4614024e-001 4.3349924e+000 2.2838278e+000
1.5917019e+000 4.7600942e+000 2.3877931e+000
1.3169792e+000 3.6057339e+000 2.1706395e+000
1.7970088e+000 3.9914427e+000 2.1217558e+000
2.2779093e+000 4.3701048e+000 2.3440518e+000
1.9571542e+000 4.6267915e+000 2.3737068e+000
1.1879861e+000 4.7174234e+000 2.3575511e+000
9.9615026e-001 4.5494728e+000 2.2801368e+000
2.1132643e+000 3.6104941e+000 2.2666526e+000
1.6965771e+000 3.5348122e+000 2.2053967e+000
9.7321439e-001 3.7674656e+000 2.2224820e+000
7.4715447e-001 4.0104499e+000 2.2546091e+000
2.1082957e+000 3.9718180e+000 2.2021246e+000
1.2305325e+000 4.1520672e+000 2.2233715e+000
1.6099741e+000 4.3802829e+000 2.2047997e+000
1.3707389e+000 3.7739732e+000 2.1374907e+000

'Dog_Pit_27_A3
7.4539142e+000 2.3113317e+000 -5.8022556e+000
5.9067359e+000 1.0620096e+000 -5.9760666e+000
6.2363806e+000 2.1900396e+000 -5.8816690e+000
7.1722074e+000 1.0727712e+000 -5.8965759e+000
6.6818590e+000 1.9038872e+000 -6.0718079e+000
6.9990101e+000 2.4824762e+000 -5.9125919e+000
6.5891099e+000 2.4371936e+000 -5.9752550e+000
6.0202866e+000 1.8779773e+000 -5.9074469e+000
5.8399162e+000 1.4881600e+000 -5.8842087e+000
7.5590692e+000 1.8057129e+000 -5.8470421e+000
7.4339938e+000 1.4335905e+000 -5.8931570e+000
6.7967386e+000 9.0019065e-001 -5.8997002e+000
6.3698020e+000 8.8629961e-001 -5.9565735e+000
6.9810972e+000 2.0693743e+000 -6.0001421e+000
6.2786322e+000 1.4885849e+000 -6.0088444e+000
6.3965964e+000 1.9777043e+000 -6.0333261e+000
6.6793017e+000 1.3975521e+000 -5.9418764e+000

'Dog_Pit_28_A3
1.9551402e+000 4.9449682e+000 1.2868314e+000
7.8124791e-001 3.1956518e+000 1.4260612e+000
6.1135477e-001 4.1234393e+000 1.3827667e+000
1.8189523e+000 3.5074596e+000 1.4448595e+000
1.0571911e+000 3.4518108e+000 1.2256966e+000
1.4088571e+000 4.8291478e+000 1.3275356e+000
9.1870958e-001 4.5385695e+000 1.3976679e+000
5.5157441e-001 3.7853596e+000 1.4000759e+000
6.2778586e-001 3.4758148e+000 1.3506765e+000
2.2834399e+000 4.5067363e+000 1.2656803e+000
2.1291611e+000 3.9475586e+000 1.3562078e+000
1.5092329e+000 3.3363400e+000 1.4303293e+000
1.1686151e+000 3.1590977e+000 1.4104266e+000
1.8757577e+000 4.7049117e+000 1.1882677e+000
9.2434281e-001 3.3481913e+000 1.2920644e+000
7.3324853e-001 4.0661592e+000 1.3524928e+000
1.4416722e+000 3.3911180e+000 1.3881683e+000

'Dog_Pit_29_A3
2.9700768e-001 -4.1659799e+000 2.5925736e+000
2.6507950e+000 -3.4390085e+000 2.7660432e+000
2.1318758e+000 -4.6080546e+000 2.4213538e+000
1.4894423e+000 -3.0005367e+000 2.9370470e+000
1.7548490e+000 -3.6270449e+000 2.6405306e+000
8.3787537e-001 -4.4223881e+000 2.5460596e+000
1.4750276e+000 -4.5300207e+000 2.4971337e+000
2.5106678e+000 -4.2196937e+000 2.5500259e+000
2.6444392e+000 -3.8521700e+000 2.7080207e+000
4.8279619e-001 -3.5123024e+000 2.8224225e+000
9.5348978e-001 -3.1884346e+000 2.9241776e+000
1.9739858e+000 -2.9131920e+000 2.9637289e+000
2.3379393e+000 -3.1551170e+000 2.8540978e+000
9.5818216e-001 -4.0183911e+000 2.6212158e+000
2.2910118e+000 -3.6603012e+000 2.7010474e+000
2.0311091e+000 -4.2529607e+000 2.5364947e+000
1.6994001e+000 -3.3368049e+000 2.7679625e+000

'Dog_Pit_30_A3
6.8067093e+000 -1.0061368e-001 -5.9740715e+000
5.2023234e+000 -3.3158299e-001 -6.0644031e+000
5.7396049e+000 3.1462389e-001 -5.9395041e+000
5.9873981e+000 -9.1251069e-001 -5.9429979e+000
6.1308289e+000 -1.6369262e-001 -6.1259184e+000
6.5648174e+000 2.2852391e-001 -5.9480019e+000
6.1715446e+000 2.7287954e-001 -5.9649639e+000
5.3422136e+000 2.5488549e-001 -5.9727859e+000
5.1540494e+000 -2.4712593e-003 -6.0618906e+000
6.6779118e+000 -4.6027067e-001 -5.9801197e+000
6.3455658e+000 -7.2547257e-001 -5.9703798e+000
5.6338148e+000 -8.0550021e-001 -5.9618006e+000
5.3427143e+000 -6.5651727e-001 -6.0345783e+000
6.5443778e+000 6.1631933e-002 -6.0299196e+000
5.8079038e+000 -2.4565935e-001 -6.1048841e+000
5.9711027e+000 9.2308313e-002 -6.0639462e+000
6.3014507e+000 -5.1955837e-001 -6.0365195e+000
