[individuals]
30
[landmarks]
17
[dimensions]
3
[names]
Dog_Pit_1_A2
Dog_Pit_2_A2
Dog_Pit_3_A2
Dog_Pit_4_A2
Dog_Pit_5_A2
Dog_Pit_6_A2
Dog_Pit_7_A2
Dog_Pit_8_A2
Dog_Pit_9_A2
Dog_Pit_10_A2
Dog_Pit_11_A2
Dog_Pit_12_A2
Dog_Pit_13_A2
Dog_Pit_14_A2
Dog_Pit_15_A2
Dog_Pit_16_A2
Dog_Pit_17_A2
Dog_Pit_18_A2
Dog_Pit_19_A2
Dog_Pit_20_A2
Dog_Pit_21_A2
Dog_Pit_22_A2
Dog_Pit_23_A2
Dog_Pit_24_A2
Dog_Pit_25_A2
Dog_Pit_26_A2
Dog_Pit_27_A2
Dog_Pit_28_A2
Dog_Pit_29_A2
Dog_Pit_30_A2
[labels]
Sample
[labelvalues]
A2
A2
A2
A2
A2
A2
A2
A2
A2
A2
A2
A2
A2
A2
A2
A2
A2
A2
A2
A2
A2
A2
A2
A2
A2
A2
A2
A2
A2
A2
[rawpoints]
'Dog_Pit_1_A2
9.1863823e-001 -2.5594542e+000 4.9391913e-001
9.6454620e-003 -9.0670389e-001 2.1878366e+000
7.2013760e-001 -8.7418336e-001 1.2883878e+000
-9.5065117e-002 -2.6179056e+000 1.9299417e+000
1.1806870e-001 -1.8254293e+000 1.4580040e+000
8.8661671e-001 -1.9623551e+000 6.7657518e-001
7.8835201e-001 -1.3538380e+000 1.1008010e+000
5.6209087e-001 -8.8942468e-001 1.4818597e+000
2.9105473e-001 -6.9777709e-001 1.8499937e+000
6.5441322e-001 -2.7641892e+000 8.7751150e-001
2.4024582e-001 -2.7394643e+000 1.5305953e+000
-2.3868561e-002 -2.1032712e+000 2.1112185e+000
-8.3589554e-002 -1.4379296e+000 2.2704635e+000
3.7855434e-001 -2.1340759e+000 1.1803823e+000
9.5367432e-002 -1.4788854e+000 1.7920065e+000
3.6987495e-001 -1.5611424e+000 1.3858156e+000
6.5853119e-002 -2.2702022e+000 1.6888337e+000

'Dog_Pit_2_A2
2.1843977e+000 4.2853820e-001 -8.1595421e-002
3.1867390e+000 1.0805787e+000 -1.5770149e-001
3.1260202e+000 2.6575375e-001 -3.1264305e-002
2.0978310e+000 1.2346780e+000 -3.8026857e-001
2.6216874e+000 7.2233433e-001 -3.4349203e-001
2.5124369e+000 3.4664798e-001 -8.4838867e-002
2.8397782e+000 2.5257540e-001 -6.2135696e-002
3.2720914e+000 4.2570424e-001 -1.4710426e-002
3.2919343e+000 7.1779436e-001 -9.9392891e-002
1.9689841e+000 6.4896446e-001 -2.0119190e-001
1.9484018e+000 9.0293664e-001 -3.1489944e-001
2.3268359e+000 1.3474827e+000 -3.3893633e-001
2.8212843e+000 1.3352469e+000 -1.8903446e-001
2.4250898e+000 5.9692186e-001 -1.9077873e-001
2.8454013e+000 8.7009913e-001 -2.7404451e-001
2.7625227e+000 4.0481806e-001 -1.4595938e-001
2.4392447e+000 9.5625430e-001 -3.6126804e-001

'Dog_Pit_3_A2
2.0191035e+000 2.1248510e+000 -3.4843540e-001
7.1160030e-001 1.5752778e+000 -3.5044193e-001
1.3130252e+000 2.5093691e+000 -4.1646862e-001
1.5852916e+000 1.2588135e+000 -4.0302658e-001
1.3311019e+000 1.8241315e+000 -5.7093525e-001
1.9574373e+000 2.3626516e+000 -3.4362316e-001
1.6555678e+000 2.6436656e+000 -3.5147667e-001
1.0187666e+000 2.3838787e+000 -3.6843681e-001
8.2647586e-001 2.0300882e+000 -4.0197849e-001
2.0664551e+000 1.7824190e+000 -3.8542461e-001
1.8729911e+000 1.5456766e+000 -4.1782761e-001
1.2830743e+000 1.1796609e+000 -3.0776405e-001
1.0267036e+000 1.2277081e+000 -3.1798935e-001
1.6736073e+000 1.8150706e+000 -4.8365116e-001
1.0982111e+000 1.8362941e+000 -4.6460152e-001
1.4715786e+000 2.1253736e+000 -5.5038929e-001
1.2632258e+000 1.4666849e+000 -5.2068996e-001

'Dog_Pit_4_A2
-3.0809689e+000 -1.8449595e+000 -3.6798429e-001
-2.8439465e+000 6.6618747e-001 -5.6442785e-001
-2.2848117e+000 -6.9847983e-001 -2.9085445e-001
-3.7666190e+000 -4.9321687e-001 -3.8548756e-001
-2.9507372e+000 -6.8680561e-001 -5.5218637e-001
-2.7464306e+000 -1.5711876e+000 -3.5906506e-001
-2.3981192e+000 -1.1236484e+000 -3.7270927e-001
-2.2784257e+000 -3.0862325e-001 -3.2746983e-001
-2.5392108e+000 3.9388794e-001 -4.5462322e-001
-3.5606320e+000 -1.5215075e+000 -3.8908100e-001
-3.7908213e+000 -8.5813785e-001 -4.0351009e-001
-3.6670113e+000 -9.4475366e-002 -4.5442390e-001
-3.3098884e+000 5.0982153e-001 -5.0492287e-001
-3.1236215e+000 -1.2507252e+000 -4.7232819e-001
-2.9054651e+000 1.1917800e-001 -5.6523800e-001
-2.5630710e+000 -7.1529359e-001 -4.1177654e-001
-3.4864054e+000 -5.1604903e-001 -4.5831680e-001

'Dog_Pit_5_A2
4.4308920e+000 7.9832757e-001 1.7402649e-002
6.6709671e+000 -4.7221547e-001 5.5131340e-001
5.1155968e+000 -6.0043675e-001 2.4938536e-001
6.1837940e+000 8.9623111e-001 2.9462337e-001
5.5401793e+000 -5.9085473e-002 1.7545509e-001
4.5255828e+000 3.7075981e-001 1.1805010e-001
4.7572179e+000 -1.1672276e-001 2.6679611e-001
5.6494713e+000 -7.7590889e-001 3.4736919e-001
6.3197365e+000 -6.6230756e-001 4.8453951e-001
5.1425529e+000 1.2238685e+000 -2.7222157e-002
5.9039831e+000 1.0602447e+000 1.9696236e-001
6.5720711e+000 3.6666819e-001 4.2377377e-001
6.7367239e+000 -9.7370237e-002 5.3720951e-001
4.9428782e+000 5.1220709e-001 1.0214806e-001
5.8883438e+000 -4.1555521e-001 3.1882238e-001
5.1066298e+000 -2.2793464e-001 2.3181486e-001
5.8063579e+000 3.9438668e-001 1.9934130e-001

'Dog_Pit_6_A2
-1.9081384e+000 3.0274856e+000 -5.9085464e-001
-4.4273529e+000 3.2101736e+000 -7.9305744e-001
-3.1776786e+000 3.8572121e+000 -6.6344786e-001
-3.3791790e+000 2.2916515e+000 -6.1714745e-001
-3.3355074e+000 3.0116780e+000 -8.8349056e-001
-2.3145704e+000 3.4917707e+000 -5.3738737e-001
-2.7968388e+000 3.6898434e+000 -6.0002232e-001
-3.6512880e+000 3.7839296e+000 -7.3713732e-001
-4.1849527e+000 3.4945660e+000 -7.8988028e-001
-2.2625380e+000 2.6671171e+000 -6.1276007e-001
-2.7868514e+000 2.3559234e+000 -6.3680172e-001
-3.8455122e+000 2.5253587e+000 -5.5382347e-001
-4.3005433e+000 2.7504144e+000 -6.4518356e-001
-2.5864849e+000 2.9056180e+000 -7.4206400e-001
-3.9777327e+000 3.1044612e+000 -8.0957937e-001
-3.2081687e+000 3.3560643e+000 -8.3501387e-001
-3.3577466e+000 2.6926744e+000 -6.5895462e-001

'Dog_Pit_7_A2
3.2130077e+000 3.1659517e+000 -3.4620714e-001
6.4392138e-001 5.6712832e+000 -5.7370281e-001
2.5353184e+000 5.2864952e+000 -2.4976540e-001
1.0896984e+000 3.3485785e+000 -4.2053127e-001
1.3806429e+000 4.4914055e+000 -6.8769169e-001
3.4570451e+000 4.3488507e+000 -1.9297743e-001
3.0675144e+000 5.0309272e+000 -1.6916656e-001
1.9450494e+000 5.5290637e+000 -3.1590939e-001
1.2856998e+000 5.6958427e+000 -4.5449305e-001
2.5616333e+000 2.8337321e+000 -1.9129896e-001
1.8485125e+000 2.9865248e+000 -3.7022543e-001
5.9574771e-001 3.9063559e+000 -4.4581509e-001
5.2175319e-001 4.7283497e+000 -5.5581951e-001
2.9269753e+000 3.5518312e+000 -4.2996931e-001
1.1107230e+000 5.0122743e+000 -6.1623764e-001
2.1393094e+000 4.6228619e+000 -4.5495987e-001
1.6864054e+000 3.4918697e+000 -5.1311588e-001

'Dog_Pit_8_A2
-2.0732932e+000 -2.2724953e+000 -2.6422691e-001
7.2239578e-001 -2.6915784e+000 -2.6839256e-002
-7.7490091e-001 -3.4583709e+000 -2.8766632e-001
-4.0359163e-001 -1.7480155e+000 -1.1399364e-001
-2.3980784e-001 -2.8966262e+000 -3.8498354e-001
-1.7431498e+000 -2.7533772e+000 -1.6671085e-001
-1.1477180e+000 -3.2368612e+000 -2.5174236e-001
-1.1977148e-001 -3.4880977e+000 -1.6338634e-001
5.0122380e-001 -3.2110109e+000 -8.8534355e-002
-1.6814857e+000 -1.8356081e+000 -1.5863609e-001
-9.9614888e-001 -1.6360565e+000 -1.6222858e-001
1.2380716e-001 -1.8627933e+000 -8.8432312e-002
5.3985077e-001 -2.2627497e+000 -3.3102036e-002
-8.1703669e-001 -2.7304296e+000 -2.9601860e-001
2.8743821e-001 -2.9776897e+000 -1.6163254e-001
-3.2212216e-001 -3.2210886e+000 -2.8044224e-001
-1.9288707e-001 -2.5180373e+000 -3.3366966e-001

'Dog_Pit_9_A2
3.4425044e+000 5.3773241e+000 7.9771996e-001
5.2211809e+000 5.9594812e+000 7.0868111e-001
4.5619106e+000 5.1818309e+000 7.3072910e-001
4.0881100e+000 6.3780932e+000 6.1002445e-001
4.3905492e+000 5.8720484e+000 4.0776348e-001
3.7805281e+000 5.2450895e+000 7.7437305e-001
4.2060866e+000 5.1957407e+000 7.2367001e-001
4.8715320e+000 5.3336930e+000 7.4423027e-001
5.1262574e+000 5.6641188e+000 7.4652004e-001
3.5971870e+000 5.7171054e+000 7.9198170e-001
3.7995491e+000 6.1633987e+000 6.1807823e-001
4.5776534e+000 6.5097771e+000 6.2745476e-001
4.9632359e+000 6.2946148e+000 6.7423534e-001
4.0014524e+000 5.7171569e+000 5.8868217e-001
4.8303490e+000 6.0573134e+000 6.4147949e-001
4.5514698e+000 5.5658903e+000 5.7711697e-001
4.2637167e+000 6.1777000e+000 4.9205780e-001

'Dog_Pit_10_A2
-3.3941996e-001 5.5496316e+000 9.2136383e-001
-1.2468736e+000 8.1465378e+000 5.0153351e-001
-2.6758963e-001 7.1202402e+000 6.9750309e-001
-1.5917641e+000 6.6652493e+000 8.8959312e-001
-1.1668099e+000 7.4585276e+000 3.1218052e-001
-8.6665928e-002 6.0455942e+000 8.9216805e-001
-6.5339267e-002 6.5472097e+000 7.7132416e-001
-3.3196619e-001 7.5945501e+000 5.4480839e-001
-5.7636786e-001 8.0093956e+000 5.1731968e-001
-7.7568191e-001 5.7391968e+000 9.4149208e-001
-1.3125743e+000 6.1917672e+000 9.1232586e-001
-1.5916965e+000 7.2045379e+000 8.0923653e-001
-1.5004377e+000 7.8118525e+000 6.5672779e-001
-9.2215383e-001 6.9963031e+000 5.1884842e-001
-1.2085162e+000 7.8175826e+000 4.4100189e-001
-8.2256699e-001 7.5661721e+000 4.2037296e-001
-1.3608856e+000 7.2999239e+000 5.7459259e-001

'Dog_Pit_11_A2
9.5094633e-001 -4.0527501e+000 6.3686371e-003
-3.7368262e-001 -2.0070639e+000 7.6761818e-001
8.4978539e-001 -2.3530090e+000 4.9594688e-001
-6.9204390e-001 -3.3002422e+000 1.6589165e-001
-5.8184616e-002 -2.6340084e+000 1.4133549e-001
1.1070826e+000 -3.6181266e+000 2.2686338e-001
1.1132646e+000 -2.9553945e+000 4.2209959e-001
5.5030489e-001 -2.0099366e+000 6.4708185e-001
1.5484548e-001 -1.8707401e+000 7.2071028e-001
4.1417050e-001 -4.0421910e+000 -2.1872520e-002
-3.5422826e-001 -3.7037096e+000 6.9062233e-002
-7.8806430e-001 -2.7784984e+000 2.5866127e-001
-6.3991880e-001 -2.3237076e+000 5.8371639e-001
5.5561237e-002 -2.8544855e+000 4.3964386e-002
-2.5086886e-001 -2.3339219e+000 4.1895866e-001
2.9931509e-001 -2.4242685e+000 3.2254314e-001
-4.3298978e-001 -2.7076826e+000 8.7632179e-002

'Dog_Pit_12_A2
4.6218281e+000 4.8757493e-001 1.2383108e+000
6.8524790e-001 1.1018505e+000 1.1998730e+000
2.8347363e+000 1.7751617e+000 1.0874691e+000
2.1560078e+000 -3.1334096e-001 1.0256376e+000
2.8921940e+000 5.4295439e-001 3.6632252e-001
4.4257851e+000 1.1452984e+000 1.2269249e+000
3.5326636e+000 1.6019249e+000 9.2392445e-001
1.9381076e+000 1.8817024e+000 1.1112080e+000
1.2196078e+000 1.5459421e+000 1.2034340e+000
4.0168443e+000 -1.1114030e-001 1.2533450e+000
2.7881188e+000 -4.5985776e-001 1.1929970e+000
1.1064745e+000 -2.4839292e-001 7.9006577e-001
5.8316100e-001 4.5105496e-001 1.0290289e+000
3.9360805e+000 4.5692110e-001 9.6001053e-001
2.0873661e+000 6.2136525e-001 6.7249155e-001
3.0869067e+000 1.1206466e+000 6.5808868e-001
2.7052624e+000 5.5003084e-002 8.5741997e-001

'Dog_Pit_13_A2
-4.9387274e+000 1.4046711e+000 1.3569307e+000
-6.3007364e+000 3.0343287e+000 1.4160161e+000
-5.1310740e+000 2.6713753e+000 1.4469080e+000
-6.2420998e+000 1.7153062e+000 1.5580511e+000
-5.8709960e+000 2.4040914e+000 1.1936684e+000
-4.8361673e+000 1.7755257e+000 1.3542666e+000
-4.9390507e+000 2.2479379e+000 1.3860765e+000
-5.5033798e+000 2.9233327e+000 1.4938378e+000
-6.0109005e+000 3.1105785e+000 1.4607096e+000
-5.2692337e+000 1.2751108e+000 1.3753233e+000
-5.8158674e+000 1.3631854e+000 1.3785601e+000
-6.4777818e+000 1.9746249e+000 1.6548820e+000
-6.5518875e+000 2.5206921e+000 1.6465688e+000
-5.5717149e+000 1.9039160e+000 1.1976357e+000
-6.1008511e+000 2.7664671e+000 1.4027648e+000
-5.5352740e+000 2.5914118e+000 1.3418179e+000
-6.1666145e+000 2.1608887e+000 1.4133830e+000

'Dog_Pit_14_A2
-5.7028561e+000 -1.8019941e+000 5.7505417e-001
-2.9707270e+000 -3.1870861e+000 1.6306877e-001
-4.9525313e+000 -3.4117434e+000 1.6535187e-001
-3.8824458e+000 -1.3439513e+000 8.0903912e-001
-4.4222202e+000 -2.1036816e+000 -3.6144257e-003
-5.7677312e+000 -2.3904543e+000 4.8794460e-001
-5.2456274e+000 -3.1125956e+000 2.4948692e-001
-4.2628717e+000 -3.6087301e+000 -9.3838692e-002
-3.5596621e+000 -3.4269741e+000 -2.9143333e-002
-5.2525134e+000 -1.4879701e+000 6.3702965e-001
-4.4263391e+000 -1.3391296e+000 7.7956963e-001
-3.4189043e+000 -1.8329194e+000 4.9569893e-001
-3.0361640e+000 -2.3714888e+000 2.2758865e-001
-5.1641121e+000 -1.8985417e+000 3.0572987e-001
-3.6175334e+000 -2.6730824e+000 -8.4888458e-002
-4.7829490e+000 -2.6993163e+000 2.5426865e-002
-4.2543530e+000 -1.6462588e+000 4.1920567e-001

'Dog_Pit_15_A2
-2.9450555e+000 1.5627487e+000 1.2218971e+000
-9.2320549e-001 2.7774400e-001 9.5317650e-001
-2.4749069e+000 3.1951147e-001 9.6709442e-001
-1.4598784e+000 1.7211272e+000 1.0635982e+000
-1.6582105e+000 7.0574057e-001 7.1909714e-001
-2.9461591e+000 1.0597856e+000 1.0918894e+000
-2.7527838e+000 6.5479189e-001 1.0444469e+000
-2.0912659e+000 1.4809905e-001 9.5326519e-001
-1.4762717e+000 9.1045745e-002 9.1035366e-001
-2.5645170e+000 1.8929980e+000 1.1919622e+000
-1.9055600e+000 1.8625287e+000 1.1029835e+000
-1.1825073e+000 1.2968423e+000 9.9345398e-001
-9.7425616e-001 6.8134481e-001 1.0344381e+000
-2.0505662e+000 1.0583160e+000 8.4314251e-001
-1.2615832e+000 3.9461768e-001 8.7732983e-001
-1.8890678e+000 4.4065106e-001 8.1735134e-001
-1.4764229e+000 1.0872904e+000 8.1726837e-001

'Dog_Pit_16_A2
5.7104993e+000 9.7200401e-002 1.1472435e+000
3.8363318e+000 -1.5525359e+000 6.1710739e-001
4.0131330e+000 -3.5124099e-001 8.5476971e-001
5.0332165e+000 -1.6201552e+000 6.5720558e-001
4.5636292e+000 -8.9255446e-001 4.4189692e-001
5.2022390e+000 9.2111818e-002 1.0554414e+000
4.5171080e+000 -1.7615810e-001 9.2798424e-001
3.7501366e+000 -7.0806676e-001 7.8303957e-001
3.6919363e+000 -1.1891757e+000 7.3985338e-001
5.7300615e+000 -3.3377936e-001 1.0547676e+000
5.5511713e+000 -1.0114474e+000 8.8081121e-001
4.6418390e+000 -1.7984744e+000 5.7876301e-001
4.3722620e+000 -1.7554747e+000 5.2374935e-001
5.0655212e+000 -5.5760884e-001 7.4650288e-001
4.2120256e+000 -1.1900545e+000 4.9547768e-001
4.3157873e+000 -5.6066912e-001 6.5427399e-001
4.7886939e+000 -1.3194048e+000 5.2256680e-001

'Dog_Pit_17_A2
8.3957644e+000 -6.9693589e-001 1.2571335e+000
6.8913469e+000 5.4597449e-001 1.3871040e+000
8.0259171e+000 3.3161038e-001 1.4468203e+000
7.2853398e+000 -6.5302753e-001 1.1738496e+000
7.3569970e+000 5.6964722e-002 1.0590267e+000
8.4285059e+000 -3.3718014e-001 1.1855297e+000
8.1951151e+000 8.9935444e-002 1.3694539e+000
7.7030458e+000 6.5209782e-001 1.4887352e+000
7.1776557e+000 7.3693329e-001 1.4339175e+000
8.0453396e+000 -1.0133860e+000 1.1617641e+000
7.5317302e+000 -9.1842330e-001 1.1964040e+000
6.8650932e+000 -3.2374850e-001 1.1458616e+000
6.7974105e+000 2.1530424e-001 1.3642616e+000
7.8481274e+000 -4.7933760e-001 1.0304632e+000
7.1565876e+000 3.1409633e-001 1.2151308e+000
7.5712686e+000 2.7129906e-001 1.2686272e+000
7.1369538e+000 -1.9726872e-001 1.0932617e+000

'Dog_Pit_18_A2
-3.4679699e-001 -1.5355611e-002 3.4245272e+000
-1.4574599e+000 -1.9559051e+000 2.9485936e+000
-1.3500843e+000 -9.8097593e-001 3.8675671e+000
-1.4716625e-001 -1.3266772e+000 2.1881251e+000
-1.3438435e+000 -1.3866702e+000 2.9567060e+000
-6.8450403e-001 -1.4379393e-001 3.8090496e+000
-1.0477333e+000 -5.4732984e-001 3.9305463e+000
-1.5975785e+000 -1.3890620e+000 3.6186020e+000
-1.8483248e+000 -1.9194909e+000 3.4066463e+000
5.3443909e-003 -2.3392992e-001 2.8661437e+000
4.7332764e-002 -6.7296392e-001 2.5014706e+000
-5.6250715e-001 -1.7998683e+000 2.2939825e+000
-9.8484135e-001 -1.9268888e+000 2.5620484e+000
-1.2413464e+000 -1.0996659e+000 3.2171497e+000
-1.2217062e+000 -1.6515142e+000 2.7503242e+000
-1.5619764e+000 -1.5943254e+000 3.2008924e+000
-8.3390427e-001 -1.2114437e+000 2.6239152e+000

'Dog_Pit_19_A2
1.0795774e+000 -6.8691033e-001 1.1235609e+000
1.0844865e+000 -2.7884769e+000 -7.9693818e-001
3.4264565e-001 -2.2140498e+000 6.6958737e-001
1.9856272e+000 -1.5518205e+000 -7.9166245e-001
7.2800255e-001 -1.3778903e+000 4.1282749e-001
5.8779907e-001 -1.0905334e+000 1.3217883e+000
3.0322456e-001 -1.7340064e+000 1.1491716e+000
5.6951809e-001 -2.5670936e+000 1.9994342e-001
8.5300350e-001 -2.7331181e+000 -3.2715821e-001
1.4799919e+000 -6.6444236e-001 5.4905510e-001
1.5774355e+000 -1.0800637e+000 -1.2682939e-001
1.8735132e+000 -2.1161215e+000 -1.0471427e+000
1.5288363e+000 -2.5852053e+000 -1.1920476e+000
6.6422462e-001 -1.1916739e+000 9.7009873e-001
1.0237193e+000 -1.6807690e+000 -1.4083028e-001
5.0967026e-001 -1.7633905e+000 5.1006651e-001
1.2176418e+000 -1.0219328e+000 4.2862153e-001

'Dog_Pit_20_A2
1.0306129e+000 5.8920436e+000 1.9032992e+000
1.1477480e+000 3.3044760e+000 2.2244709e+000
7.0693970e-001 4.7983518e+000 2.6284873e+000
1.3684635e+000 4.5273328e+000 1.3257921e+000
8.0896616e-001 4.2263460e+000 1.9585209e+000
8.3783054e-001 5.6691890e+000 2.2003717e+000
7.4594450e-001 5.2154822e+000 2.4449215e+000
6.9413233e-001 4.0793638e+000 2.8742037e+000
8.1644535e-001 3.4855859e+000 2.6944299e+000
1.1485543e+000 5.6995144e+000 1.5728076e+000
1.3059511e+000 5.0581136e+000 1.2891433e+000
1.4319587e+000 3.9529138e+000 1.4516234e+000
1.3152108e+000 3.3325381e+000 1.7697837e+000
8.6341047e-001 4.8292589e+000 1.8549342e+000
9.4919968e-001 3.7043245e+000 2.1127024e+000
6.9837523e-001 4.3686175e+000 2.3450243e+000
1.1995454e+000 4.1312389e+000 1.6282289e+000

'Dog_Pit_21_A2
1.6602485e+000 6.4565716e+000 2.5861506e+000
1.4928584e+000 4.0844893e+000 2.2607021e+000
6.9298637e-001 4.7652054e+000 2.4114780e+000
2.0917368e+000 4.9601402e+000 2.4632812e+000
1.3462256e+000 4.7555609e+000 2.2060022e+000
1.1690377e+000 6.0794120e+000 2.5030890e+000
9.4855952e-001 5.4460216e+000 2.4844775e+000
8.8641930e-001 4.4775729e+000 2.3830004e+000
1.1625983e+000 4.1464210e+000 2.3280158e+000
1.9424303e+000 6.0597377e+000 2.5593853e+000
2.0309477e+000 5.4703345e+000 2.5380549e+000
1.9247046e+000 4.6528969e+000 2.4013224e+000
1.7927127e+000 4.1606212e+000 2.2473168e+000
1.5057487e+000 5.6336432e+000 2.3761916e+000
1.2684852e+000 4.3847604e+000 2.2819753e+000
9.8122835e-001 4.7983146e+000 2.3016863e+000
1.7462051e+000 4.8667564e+000 2.3519406e+000

'Dog_Pit_22_A2
4.6314945e+000 5.8672178e-001 3.9747076e+000
1.6693349e+000 -1.0503223e-002 3.5148993e+000
3.1490221e+000 1.1150701e+000 3.6444855e+000
3.4342661e+000 -4.3017012e-001 3.7492485e+000
2.2246075e+000 -1.0610219e-002 3.3778687e+000
4.2420349e+000 9.7872865e-001 3.9304714e+000
3.7109489e+000 1.2066779e+000 3.7169685e+000
2.5141034e+000 1.0768404e+000 3.6299758e+000
1.8019323e+000 4.8554388e-001 3.4584904e+000
4.5878305e+000 1.4304164e-001 3.9314446e+000
3.8114281e+000 -1.8917920e-001 3.8295135e+000
3.0249276e+000 -6.6545904e-001 3.5490971e+000
2.0442224e+000 -5.2431899e-001 3.4217143e+000
3.0299520e+000 1.0933986e-001 3.5085773e+000
1.9376608e+000 -1.7669539e-001 3.3787050e+000
2.2503757e+000 3.8863534e-001 3.5106897e+000
2.5310309e+000 -4.6389082e-001 3.3888998e+000

'Dog_Pit_23_A2
-7.7457786e-001 2.7400115e+000 3.2084780e+000
-2.1010101e+000 1.1966606e-002 3.0103083e+000
-2.8411736e+000 1.8333492e+000 2.9920807e+000
-2.9032150e-001 9.1708583e-001 3.4306402e+000
-1.1171241e+000 1.2151335e+000 3.0223150e+000
-1.5576646e+000 2.7229600e+000 3.0709000e+000
-2.1580131e+000 2.4292054e+000 3.1578217e+000
-2.9245498e+000 1.1172835e+000 3.0679207e+000
-2.7452350e+000 5.5659860e-001 3.1077795e+000
-3.6199367e-001 2.4085228e+000 3.2221041e+000
-1.3140163e-001 1.9431919e+000 3.4388685e+000
-6.8751556e-001 2.5943196e-001 3.2335539e+000
-1.3156024e+000 9.6514218e-002 3.0438643e+000
-6.2140906e-001 1.8412420e+000 3.2023945e+000
-1.6469226e+000 5.9018958e-001 2.9551468e+000
-1.6846027e+000 1.6427202e+000 3.0291681e+000
-6.0240233e-001 9.8720330e-001 3.2690992e+000

'Dog_Pit_24_A2
1.2448989e+000 2.1267881e+000 2.0730982e+000
-8.4306639e-001 2.1985178e+000 1.9306245e+000
7.9861641e-002 3.0607774e+000 2.0363283e+000
1.6068888e-001 1.4597460e+000 1.8737025e+000
-1.6585875e-001 2.2894056e+000 1.7137694e+000
1.1092052e+000 2.6675172e+000 2.0879145e+000
5.8889461e-001 2.8928344e+000 2.0587764e+000
-3.4373963e-001 2.9795260e+000 1.9442024e+000
-7.4700344e-001 2.5138803e+000 1.9426765e+000
1.0582888e+000 1.6955273e+000 1.9981322e+000
5.6405950e-001 1.3932407e+000 1.8986192e+000
-1.8715882e-001 1.5840607e+000 1.8585925e+000
-5.7091355e-001 1.8971679e+000 1.9124589e+000
2.5171781e-001 2.2487776e+000 1.7981033e+000
-5.6792712e-001 2.2637291e+000 1.7412543e+000
-2.3099720e-001 2.6354163e+000 1.7655678e+000
-2.5876188e-001 2.0071688e+000 1.7043719e+000

'Dog_Pit_25_A2
2.9090097e+000 -8.2503891e+000 -1.3336720e+000
6.1122465e-001 -7.7384391e+000 -3.4834862e-001
2.1225989e+000 -7.2315207e+000 -3.0223417e-001
1.3903100e+000 -8.3772278e+000 -1.1256075e+000
1.3118834e+000 -7.7105598e+000 -8.0643606e-001
3.1125288e+000 -7.8665280e+000 -1.0745134e+000
2.6545074e+000 -7.4564037e+000 -6.0138988e-001
1.5327238e+000 -7.0761981e+000 -2.7734280e-002
9.5943981e-001 -7.3544683e+000 -1.7149878e-001
2.4122512e+000 -8.5350227e+000 -1.4666815e+000
1.7461979e+000 -8.4866171e+000 -1.3643894e+000
9.3631488e-001 -8.1911659e+000 -9.2945766e-001
6.9981158e-001 -8.0816917e+000 -6.8694115e-001
1.8744280e+000 -7.8516250e+000 -9.6322823e-001
9.1613144e-001 -7.7538018e+000 -5.4934502e-001
1.5172387e+000 -7.4154592e+000 -4.8595524e-001
1.1858920e+000 -8.0257502e+000 -9.3094826e-001

'Dog_Pit_26_A2
2.4304731e+000 3.6996946e+000 2.3107643e+000
7.5114506e-001 4.6259327e+000 2.2781920e+000
2.0866585e+000 4.6799645e+000 2.3997455e+000
1.4348154e+000 3.6163800e+000 2.1863384e+000
1.8034182e+000 4.2016125e+000 2.1579657e+000
2.4595180e+000 4.0703754e+000 2.3233228e+000
2.3984408e+000 4.3294959e+000 2.3392043e+000
1.8209600e+000 4.7796183e+000 2.4204812e+000
1.2395433e+000 4.8614178e+000 2.3771787e+000
2.1993172e+000 3.6336548e+000 2.2743192e+000
1.8052905e+000 3.5305882e+000 2.2111292e+000
1.0538499e+000 3.9073594e+000 2.2378740e+000
9.0327406e-001 4.2443366e+000 2.2761230e+000
2.1741498e+000 3.9741921e+000 2.2217197e+000
1.3747115e+000 4.4804158e+000 2.2456894e+000
1.9794292e+000 4.5002770e+000 2.3150606e+000
1.5678145e+000 3.8608170e+000 2.1329298e+000

'Dog_Pit_27_A2
6.8896365e+000 2.4893830e+000 -5.9219160e+000
6.0467205e+000 9.1335744e-001 -5.9463758e+000
6.1061845e+000 2.0635054e+000 -5.9182191e+000
7.1508727e+000 1.3020817e+000 -5.9221091e+000
6.6403718e+000 1.9807943e+000 -6.0740013e+000
6.5742421e+000 2.5358760e+000 -5.9574156e+000
6.2674198e+000 2.4014304e+000 -5.9555511e+000
5.8777895e+000 1.7167290e+000 -5.8914680e+000
5.8511162e+000 1.2713033e+000 -5.9567747e+000
7.3543949e+000 2.3072400e+000 -5.8356419e+000
7.3820982e+000 1.7399434e+000 -5.8746834e+000
6.8391871e+000 1.2293799e+000 -5.9198656e+000
6.5102725e+000 1.0055140e+000 -5.9696970e+000
6.8296537e+000 2.2509618e+000 -6.0098820e+000
6.4617414e+000 1.5366821e+000 -6.0448408e+000
6.3902636e+000 2.0998342e+000 -6.0188999e+000
6.9249616e+000 1.8059573e+000 -5.9939079e+000

'Dog_Pit_28_A2
2.0175312e+000 4.8000731e+000 1.2623436e+000
8.2237703e-001 3.1117060e+000 1.4163349e+000
1.0048153e+000 4.5773125e+000 1.3823748e+000
1.9359885e+000 3.7415893e+000 1.3881516e+000
1.4052547e+000 4.0142369e+000 1.1411748e+000
1.7508094e+000 4.9254894e+000 1.3269029e+000
1.2663735e+000 4.9011025e+000 1.3444495e+000
6.7834413e-001 4.1689329e+000 1.3803835e+000
6.5193200e-001 3.4910853e+000 1.3386865e+000
2.1530616e+000 4.6016479e+000 1.2626824e+000
2.1567855e+000 4.1007104e+000 1.3208838e+000
1.7049886e+000 3.4996541e+000 1.4148827e+000
1.3401883e+000 3.2738752e+000 1.4328122e+000
1.7666540e+000 4.5477848e+000 1.1447363e+000
1.0308142e+000 3.6403763e+000 1.1779819e+000
1.1474915e+000 4.4097238e+000 1.2438221e+000
1.7088231e+000 3.9568756e+000 1.2106380e+000

'Dog_Pit_29_A2
3.1552219e-001 -3.8657882e+000 2.7819624e+000
2.7791429e+000 -4.0380692e+000 2.6864719e+000
1.5596805e+000 -4.9233136e+000 2.3616219e+000
1.5065261e+000 -3.1263340e+000 2.9598665e+000
1.6283429e+000 -3.6488316e+000 2.6316442e+000
6.2707853e-001 -4.2142015e+000 2.5597878e+000
1.1345277e+000 -4.6184788e+000 2.4769354e+000
2.1655147e+000 -4.6867127e+000 2.3901653e+000
2.5291185e+000 -4.3320131e+000 2.5257196e+000
4.0360880e-001 -3.3835766e+000 2.8433857e+000
8.9965200e-001 -3.1990573e+000 2.9120064e+000
2.0502346e+000 -3.1991401e+000 2.8889914e+000
2.6279857e+000 -3.5052211e+000 2.7619390e+000
8.6423945e-001 -3.7303655e+000 2.7967825e+000
2.1988773e+000 -3.7600615e+000 2.6489677e+000
1.6188630e+000 -4.2609911e+000 2.5460463e+000
1.6073438e+000 -3.3671911e+000 2.7571554e+000

'Dog_Pit_30_A2
6.6609058e+000 2.6653586e-002 -5.9946604e+000
5.2743692e+000 -5.5004585e-001 -6.0340481e+000
5.3758106e+000 3.3482379e-001 -5.9221087e+000
5.8133526e+000 -8.8457137e-001 -5.9682832e+000
5.8942347e+000 -2.7476114e-001 -6.1038775e+000
6.2705097e+000 2.3246709e-001 -5.9674740e+000
5.7696443e+000 3.1336492e-001 -5.9446239e+000
5.1509252e+000 3.6553904e-002 -6.0577431e+000
5.1831121e+000 -3.2153121e-001 -6.0677814e+000
6.5389681e+000 -5.0338602e-001 -6.0151148e+000
6.2191539e+000 -6.9958687e-001 -5.9879022e+000
5.5181212e+000 -9.3823904e-001 -5.9656677e+000
5.3297682e+000 -7.7980864e-001 -5.9896374e+000
6.3735147e+000 -1.0731982e-001 -6.1038537e+000
5.6322813e+000 -3.7450621e-001 -6.0725665e+000
5.8907738e+000 -5.4336069e-003 -6.0835290e+000
6.0660448e+000 -4.9433783e-001 -6.0426612e+000
