[individuals]
30
[landmarks]
17
[dimensions]
3
[names]
Wolf_Pit_1_A3
Wolf_Pit_2_A3
Wolf_Pit_3_A3
Wolf_Pit_4_A3
Wolf_Pit_5_A3
Wolf_Pit_6_A3
Wolf_Pit_7_A3
Wolf_Pit_8_A3
Wolf_Pit_9_A3
Wolf_Pit_10_A3
Wolf_Pit_11_A3
Wolf_Pit_12_A3
Wolf_Pit_13_A3
Wolf_Pit_14_A3
Wolf_Pit_15_A3
Wolf_Pit_16_A3
Wolf_Pit_17_A3
Wolf_Pit_18_A3
Wolf_Pit_19_A3
Wolf_Pit_20_A3
Wolf_Pit_21_A3
Wolf_Pit_22_A3
Wolf_Pit_23_A3
Wolf_Pit_24_A3
Wolf_Pit_25_A3
Wolf_Pit_26_A3
Wolf_Pit_27_A3
Wolf_Pit_28_A3
Wolf_Pit_29_A3
Wolf_Pit_30_A3
[labels]
Sample
[labelvalues]
A3
A3
A3
A3
A3
A3
A3
A3
A3
A3
A3
A3
A3
A3
A3
A3
A3
A3
A3
A3
A3
A3
A3
A3
A3
A3
A3
A3
A3
A3
[rawpoints]
'Wolf_Pit_1_A3
1.1104770e+000 -7.5670314e+000 5.2840238e+000
-5.7905340e-001 -8.9944706e+000 4.5337696e+000
-8.2438946e-001 -7.5548048e+000 5.1148267e+000
9.2769098e-001 -8.8713608e+000 4.8072138e+000
-1.3528585e-001 -8.4282074e+000 4.5807242e+000
4.5132208e-001 -7.3674645e+000 5.3170552e+000
-2.8921175e-001 -7.3932061e+000 5.2862577e+000
-9.0529203e-001 -8.1591949e+000 4.9101505e+000
-8.4182072e-001 -8.5960054e+000 4.7375035e+000
1.3278823e+000 -8.0502682e+000 5.1445651e+000
1.1654835e+000 -8.6059303e+000 4.9115582e+000
3.5957026e-001 -9.0196800e+000 4.6515050e+000
-6.3725471e-002 -9.1306839e+000 4.5631723e+000
7.4810958e-001 -7.9027915e+000 5.0130787e+000
-3.1980515e-001 -8.6898613e+000 4.5332160e+000
-4.8817015e-001 -7.9047074e+000 4.8866615e+000
3.9613318e-001 -8.7243233e+000 4.7402425e+000

'Wolf_Pit_2_A3
3.1385436e+000 -2.8792903e+000 -1.3430591e+000
4.5560527e+000 -2.2744479e+000 -1.1600180e+000
4.2880058e+000 -3.1704988e+000 -1.3616977e+000
3.7218947e+000 -1.9292495e+000 -1.1522837e+000
4.1120067e+000 -2.6217556e+000 -1.3640327e+000
3.3742199e+000 -3.1563642e+000 -1.3845024e+000
3.8251805e+000 -3.2185190e+000 -1.3700199e+000
4.5872579e+000 -2.9693427e+000 -1.2957554e+000
4.6757660e+000 -2.6430202e+000 -1.2403064e+000
3.1978102e+000 -2.4762299e+000 -1.2547493e+000
3.4438453e+000 -2.0627024e+000 -1.1837087e+000
4.0528688e+000 -1.8821049e+000 -1.1270790e+000
4.3539352e+000 -2.0237706e+000 -1.1262927e+000
3.5382473e+000 -2.7596958e+000 -1.3751650e+000
4.3812017e+000 -2.4239955e+000 -1.2235761e+000
4.1742225e+000 -2.9482551e+000 -1.3204017e+000
3.9038253e+000 -2.1635964e+000 -1.2313676e+000

'Wolf_Pit_3_A3
-1.0763228e+000 -3.7169847e+000 -1.6028676e+000
-2.1338668e+000 -5.0653706e+000 -1.8799536e+000
-2.3027871e+000 -4.1327381e+000 -1.6924059e+000
-8.8874388e-001 -4.9464588e+000 -1.8865898e+000
-1.9343343e+000 -4.4520831e+000 -1.9515712e+000
-1.5647635e+000 -3.7691619e+000 -1.5973804e+000
-1.9237895e+000 -3.9049222e+000 -1.6881747e+000
-2.3367956e+000 -4.4210382e+000 -1.8110478e+000
-2.3002200e+000 -4.7277546e+000 -1.8602712e+000
-8.6902475e-001 -4.1309824e+000 -1.6540403e+000
-8.6970949e-001 -4.5711970e+000 -1.7710350e+000
-1.2888470e+000 -5.2112207e+000 -1.9233153e+000
-1.7541151e+000 -5.2758646e+000 -1.9527900e+000
-1.6612167e+000 -4.2126303e+000 -1.7993081e+000
-2.0579576e+000 -4.6821451e+000 -1.9482033e+000
-2.0475791e+000 -4.2306304e+000 -1.8246837e+000
-1.6861670e+000 -4.7539597e+000 -1.9329412e+000

'Wolf_Pit_4_A3
7.1929150e+000 3.8859222e+000 -2.4430227e-001
6.1811600e+000 2.7186713e+000 -4.3230581e-001
6.1422019e+000 3.5768192e+000 -3.8930941e-001
7.0758057e+000 3.0300679e+000 -2.9800081e-001
6.4616570e+000 3.0230734e+000 -5.6510711e-001
6.7770872e+000 3.8569500e+000 -2.7714586e-001
6.4219618e+000 3.6949537e+000 -3.2038212e-001
6.0204945e+000 3.2817886e+000 -4.2495394e-001
6.0033493e+000 2.9623506e+000 -4.1858530e-001
7.3467364e+000 3.5621126e+000 -2.7090025e-001
7.2557702e+000 3.2647800e+000 -2.8733683e-001
6.8838911e+000 2.8191636e+000 -4.8582578e-001
6.5686865e+000 2.7204576e+000 -4.1217661e-001
6.9468646e+000 3.5927730e+000 -3.0786896e-001
6.3167238e+000 2.8673241e+000 -4.8101473e-001
6.3061666e+000 3.4223001e+000 -4.2538357e-001
6.7725992e+000 2.9536161e+000 -5.1237202e-001

'Wolf_Pit_5_A3
-3.4142570e+000 -1.4937938e+000 9.7307034e+000
-4.9629135e+000 -4.2105889e+000 9.2366915e+000
-5.5312896e+000 -2.6661003e+000 9.7275753e+000
-3.3807695e+000 -3.9417541e+000 9.1971416e+000
-4.1394219e+000 -3.3130326e+000 9.0409431e+000
-4.2318120e+000 -1.6837054e+000 9.6912403e+000
-4.9167681e+000 -2.1715965e+000 9.7222033e+000
-5.6276331e+000 -3.3443930e+000 9.5622559e+000
-5.2719131e+000 -3.8681593e+000 9.3893242e+000
-2.8870864e+000 -2.2829013e+000 9.5255804e+000
-2.8776412e+000 -3.1681819e+000 9.2915478e+000
-3.8244953e+000 -4.2408681e+000 9.0464859e+000
-4.4248543e+000 -4.2741909e+000 9.0316734e+000
-3.8457994e+000 -2.7851920e+000 9.2979488e+000
-4.4524713e+000 -3.5838916e+000 9.1516905e+000
-4.7399697e+000 -2.9676964e+000 9.3209648e+000
-3.6965497e+000 -3.6371117e+000 9.1317654e+000

'Wolf_Pit_6_A3
3.4114263e+000 7.7419057e-002 9.3368540e+000
3.2228951e+000 3.1337202e+000 9.8753443e+000
4.5230618e+000 2.0085826e+000 9.5800009e+000
2.3975835e+000 1.6248610e+000 9.7527151e+000
3.4353390e+000 2.2383945e+000 9.4683199e+000
4.0266581e+000 8.1652737e-001 9.4303808e+000
4.3578258e+000 1.3826830e+000 9.5143642e+000
4.2675762e+000 2.6019907e+000 9.7475662e+000
3.7877169e+000 2.9314609e+000 9.8121052e+000
2.7553940e+000 5.1445073e-001 9.5507813e+000
2.5197473e+000 1.0101650e+000 9.6289396e+000
2.4485145e+000 2.2509093e+000 9.8167429e+000
2.7196109e+000 2.7039950e+000 9.8193750e+000
3.4298074e+000 1.1078014e+000 9.4569149e+000
3.3551624e+000 2.5958760e+000 9.7007809e+000
4.0224180e+000 2.0261266e+000 9.5578966e+000
2.7568922e+000 1.7877671e+000 9.6856050e+000

'Wolf_Pit_7_A3
1.2826853e+000 -1.2873365e+000 1.6044035e+000
3.2171450e+000 -3.8261423e+000 1.4706545e+000
1.4864922e+000 -3.3723500e+000 1.5535679e+000
2.7253475e+000 -2.4737225e+000 1.6138344e+000
2.4375710e+000 -3.0563927e+000 1.2870455e+000
1.1858040e+000 -2.0787101e+000 1.5956631e+000
1.2675720e+000 -2.7537329e+000 1.6015987e+000
2.0495141e+000 -3.6357157e+000 1.5826321e+000
2.5457499e+000 -3.8472984e+000 1.5529804e+000
2.0048919e+000 -1.4581640e+000 1.6677608e+000
2.4728360e+000 -1.9188898e+000 1.6702929e+000
3.3462174e+000 -2.8009505e+000 1.6608677e+000
3.4474499e+000 -3.3486853e+000 1.5979176e+000
1.6768122e+000 -1.8981684e+000 1.4269571e+000
2.9614263e+000 -3.5636802e+000 1.3904190e+000
1.8510090e+000 -3.1386380e+000 1.4361200e+000
2.7059269e+000 -2.6705084e+000 1.4337788e+000

'Wolf_Pit_8_A3
7.7802181e-002 2.8670459e+000 -2.9117568e+000
1.4344018e+000 2.3294554e+000 -3.0300860e+000
7.0115006e-001 2.0647917e+000 -2.9719970e+000
1.0560626e+000 3.0929708e+000 -2.8809400e+000
9.3102860e-001 2.4814324e+000 -3.0174203e+000
2.0491481e-001 2.4795201e+000 -2.9322424e+000
4.2202902e-001 2.2373502e+000 -2.9424367e+000
9.9977076e-001 2.0178301e+000 -3.0303795e+000
1.2448916e+000 2.1146486e+000 -3.0608335e+000
3.5060024e-001 3.0918028e+000 -2.8879967e+000
6.8235683e-001 3.0973258e+000 -2.8766146e+000
1.2826962e+000 2.9138839e+000 -2.9209239e+000
1.4201175e+000 2.6254735e+000 -2.9695170e+000
3.5710728e-001 2.7510765e+000 -2.9496491e+000
1.2757168e+000 2.4122748e+000 -3.0160115e+000
7.6673424e-001 2.2537494e+000 -3.0146203e+000
9.8236513e-001 2.8533607e+000 -2.9342735e+000

'Wolf_Pit_9_A3
-1.4126176e+000 2.6114123e+000 -2.7782989e+000
-1.8801974e+000 7.8358656e-001 -2.9224339e+000
-2.4153457e+000 1.7530493e+000 -2.7568135e+000
-8.7462783e-001 1.4725052e+000 -2.9197783e+000
-1.6952915e+000 1.3876915e+000 -3.0676527e+000
-1.8481454e+000 2.4014037e+000 -2.7735925e+000
-2.1689548e+000 2.1175570e+000 -2.7664356e+000
-2.2791097e+000 1.3146788e+000 -2.7681837e+000
-2.0904145e+000 1.0345953e+000 -2.8226190e+000
-1.0299958e+000 2.2670536e+000 -2.8216577e+000
-8.4139144e-001 1.8883514e+000 -2.8544335e+000
-1.2053360e+000 1.0335420e+000 -2.9631543e+000
-1.5167618e+000 8.5651171e-001 -2.9359326e+000
-1.5434520e+000 1.7891924e+000 -2.9971344e+000
-1.7928177e+000 1.0237231e+000 -2.9419146e+000
-1.8884501e+000 1.4997903e+000 -2.9389665e+000
-1.3725048e+000 1.3580122e+000 -3.0391695e+000

'Wolf_Pit_10_A3
-5.8158841e+000 -3.9098482e+000 -9.9937868e-001
-4.7921281e+000 -2.4161572e+000 -1.1849394e+000
-4.6776180e+000 -3.3501203e+000 -1.0712037e+000
-5.8125687e+000 -2.4526887e+000 -1.0775704e+000
-5.1550303e+000 -2.8547552e+000 -1.2572451e+000
-5.3994923e+000 -3.8661816e+000 -1.0328298e+000
-5.0120769e+000 -3.6820123e+000 -1.0703621e+000
-4.6621137e+000 -3.0396283e+000 -1.1091852e+000
-4.6716051e+000 -2.7428598e+000 -1.1575041e+000
-6.0110598e+000 -3.4422040e+000 -1.0051522e+000
-6.0805712e+000 -2.8440411e+000 -1.0547462e+000
-5.4897404e+000 -2.2938704e+000 -1.1288185e+000
-5.1335368e+000 -2.2954834e+000 -1.1837173e+000
-5.6536794e+000 -3.6529036e+000 -1.0797734e+000
-4.9473000e+000 -2.6383464e+000 -1.2319582e+000
-4.9671855e+000 -3.3193893e+000 -1.1451752e+000
-5.6030149e+000 -2.7196014e+000 -1.1096339e+000

'Wolf_Pit_11_A3
-3.4067082e-001 -5.1212978e+000 -1.1666749e+000
-1.0936019e+000 -3.9541225e+000 -1.1916101e+000
-2.8027332e-001 -4.1427646e+000 -1.2187002e+000
-1.3047764e+000 -4.8147163e+000 -1.1613328e+000
-6.8722570e-001 -4.8371859e+000 -1.2714562e+000
-2.5160503e-001 -4.7691951e+000 -1.2076004e+000
-2.7135921e-001 -4.4543543e+000 -1.1722777e+000
-5.1995713e-001 -3.9768801e+000 -1.2402809e+000
-8.3052099e-001 -3.9359202e+000 -1.2446134e+000
-7.3593092e-001 -5.1717610e+000 -1.1788261e+000
-1.0779016e+000 -5.0377870e+000 -1.1701372e+000
-1.3688126e+000 -4.4536495e+000 -1.1646893e+000
-1.3003638e+000 -4.1746440e+000 -1.1707752e+000
-5.2315140e-001 -4.9175897e+000 -1.2215292e+000
-9.6974677e-001 -4.0993762e+000 -1.2167385e+000
-4.7285324e-001 -4.2408853e+000 -1.2166102e+000
-1.1037574e+000 -4.6637158e+000 -1.2131817e+000

'Wolf_Pit_12_A3
-4.4822316e+000 1.1433519e-001 5.9966550e+000
-4.7363029e+000 -2.3362014e+000 5.9658442e+000
-5.6958184e+000 -1.1382705e+000 6.2111096e+000
-3.5941980e+000 -1.6049868e+000 5.8265352e+000
-4.5594301e+000 -1.7266006e+000 5.6224651e+000
-5.1697879e+000 -2.7998453e-002 5.9795494e+000
-5.6967192e+000 -5.4390806e-001 6.0579863e+000
-5.5784287e+000 -1.7321125e+000 6.2187839e+000
-5.2665353e+000 -2.0795250e+000 6.1007829e+000
-3.7184207e+000 -2.2074805e-001 5.8721275e+000
-3.4061599e+000 -7.7546698e-001 5.5937247e+000
-3.7893775e+000 -2.0136921e+000 5.8871446e+000
-4.1875839e+000 -2.2527623e+000 5.9987712e+000
-4.5689869e+000 -3.6704856e-001 5.8295789e+000
-4.7255888e+000 -2.0627668e+000 5.8664622e+000
-5.3862219e+000 -8.6921078e-001 5.9788585e+000
-3.9532440e+000 -1.5551825e+000 5.7407146e+000

'Wolf_Pit_13_A3
-2.6523573e+000 -2.4290962e+000 5.9084139e+000
-3.2376525e+000 5.7312560e-001 5.8160434e+000
-1.9484506e+000 -5.9828097e-001 5.7987771e+000
-3.9409688e+000 -1.2669884e+000 5.6008267e+000
-2.6777747e+000 -1.0988867e+000 5.4463959e+000
-2.1189418e+000 -1.8482944e+000 5.9274154e+000
-1.8826270e+000 -1.2446893e+000 5.8330879e+000
-2.3805611e+000 -1.6859508e-001 5.7904749e+000
-2.6098771e+000 4.5225906e-001 5.7358203e+000
-3.3239863e+000 -2.3628383e+000 5.8429799e+000
-3.6677270e+000 -1.7908508e+000 5.8583212e+000
-3.9960024e+000 -4.4662848e-001 5.7244749e+000
-3.6681209e+000 1.6199473e-001 5.9719706e+000
-2.7021332e+000 -1.6791302e+000 5.6386247e+000
-3.0226414e+000 -1.5344784e-001 5.6581860e+000
-2.3527784e+000 -7.0967549e-001 5.5885949e+000
-3.4953663e+000 -9.0075767e-001 5.5672622e+000

'Wolf_Pit_14_A3
1.4831829e-001 -2.4427803e+000 1.2791089e+001
1.6718072e+000 -2.1880074e-001 1.2753274e+001
1.8673706e+000 -1.8568953e+000 1.2537498e+001
7.5375199e-002 -5.0745243e-001 1.2886255e+001
9.3550318e-001 -1.1007646e+000 1.2418814e+001
7.5449276e-001 -2.4661570e+000 1.2781941e+001
1.3518915e+000 -2.2321715e+000 1.2681318e+001
2.2453265e+000 -1.3218089e+000 1.2751026e+001
1.9278822e+000 -8.4071851e-001 1.2764355e+001
-2.3232043e-001 -1.8359762e+000 1.2855342e+001
-1.6549838e-001 -1.1719564e+000 1.2824268e+001
6.0154873e-001 -1.4078863e-001 1.2729291e+001
1.1438349e+000 -8.8631243e-002 1.2771897e+001
4.8087016e-001 -1.9831997e+000 1.2621463e+001
1.5162084e+000 -5.3953493e-001 1.2711884e+001
1.5343518e+000 -1.5574566e+000 1.2441806e+001
4.1993618e-001 -7.8873998e-001 1.2715211e+001

'Wolf_Pit_15_A3
-4.1945934e-002 -2.4371598e+000 1.2875486e+001
8.3827317e-001 -3.3439851e+000 1.2786573e+001
1.6050339e-003 -3.3182831e+000 1.2774370e+001
8.2832789e-001 -2.5408809e+000 1.2801981e+001
6.1084032e-001 -3.2185340e+000 1.2659862e+001
-1.5055311e-001 -2.7273555e+000 1.2825523e+001
-1.4455855e-001 -3.0528343e+000 1.2828760e+001
2.7792716e-001 -3.4254687e+000 1.2755482e+001
5.3970528e-001 -3.4403346e+000 1.2762512e+001
3.2025552e-001 -2.3548408e+000 1.2731020e+001
5.8907676e-001 -2.4425299e+000 1.2739315e+001
1.0062642e+000 -2.7407427e+000 1.2800056e+001
1.0280690e+000 -3.0465047e+000 1.2760853e+001
1.0142443e-001 -2.6099391e+000 1.2737564e+001
7.4128783e-001 -3.2681451e+000 1.2752574e+001
1.0063711e-001 -3.1903541e+000 1.2728387e+001
7.2202992e-001 -2.7400138e+000 1.2773345e+001

'Wolf_Pit_16_A3
2.6780748e+000 -1.7554460e+000 1.2777117e+001
1.4477359e+000 -3.0768404e+000 1.2652266e+001
1.5402323e+000 -1.9396411e+000 1.2523307e+001
2.7095904e+000 -3.2605658e+000 1.2721425e+001
2.1397426e+000 -2.8311543e+000 1.2397448e+001
2.2298684e+000 -1.6241831e+000 1.2658403e+001
1.8524061e+000 -1.7265016e+000 1.2554133e+001
1.3209406e+000 -2.3333504e+000 1.2708612e+001
1.2802702e+000 -2.7006669e+000 1.2748693e+001
2.9856353e+000 -2.3112049e+000 1.2763642e+001
2.8497157e+000 -2.8900809e+000 1.2725700e+001
2.2570744e+000 -3.4238300e+000 1.2723791e+001
1.8784806e+000 -3.3083482e+000 1.2653812e+001
2.4411492e+000 -2.1548429e+000 1.2653874e+001
1.6133770e+000 -2.9247875e+000 1.2565055e+001
1.7144543e+000 -2.0984356e+000 1.2480505e+001
2.4193306e+000 -3.0907218e+000 1.2671349e+001

'Wolf_Pit_17_A3
1.0070865e+000 -9.4641304e-001 3.1141019e+000
2.8932567e+000 -1.2861277e-001 3.3559527e+000
2.2202625e+000 -1.0305506e+000 3.2618074e+000
1.8416307e+000 3.9255506e-001 3.2121172e+000
2.1192801e+000 -1.8204746e-001 3.1373363e+000
1.3711351e+000 -1.1086700e+000 3.1404462e+000
1.7743685e+000 -1.1117802e+000 3.1769762e+000
2.5563939e+000 -8.3995742e-001 3.2894056e+000
2.7976792e+000 -5.8136600e-001 3.3500245e+000
9.7953713e-001 -3.9835471e-001 3.1040745e+000
1.2683598e+000 5.2821446e-002 3.1469169e+000
2.3062205e+000 4.2157599e-001 3.2918792e+000
2.6388922e+000 2.4778463e-001 3.3643203e+000
1.6934854e+000 -5.2822185e-001 3.1190841e+000
2.3728569e+000 -1.5796924e-001 3.2127342e+000
2.1965015e+000 -5.5324507e-001 3.2216935e+000
1.9890991e+000 1.6735493e-001 3.1684690e+000

'Wolf_Pit_18_A3
8.1788254e+000 -3.1714791e-001 4.0848770e+000
6.1058526e+000 -3.8418704e-001 3.7138486e+000
7.0044274e+000 3.8317433e-001 3.9498272e+000
6.8911443e+000 -1.2022188e+000 3.8172569e+000
7.2472248e+000 -3.0928299e-001 3.6736832e+000
7.9354882e+000 1.2047137e-001 4.0225916e+000
7.4872127e+000 3.3597887e-001 3.9976039e+000
6.4803295e+000 2.2361566e-001 3.8582091e+000
6.2375336e+000 -4.1028731e-002 3.7621946e+000
7.9628854e+000 -8.6368459e-001 3.9720325e+000
7.4699745e+000 -1.1431872e+000 3.9134827e+000
6.3985186e+000 -1.1107434e+000 3.7751164e+000
6.1415586e+000 -7.8066450e-001 3.7721510e+000
7.7638717e+000 -3.0969432e-001 3.9016471e+000
6.4209890e+000 -4.6902984e-001 3.6933560e+000
7.0355730e+000 5.6834114e-003 3.7963362e+000
7.3393054e+000 -8.9521366e-001 3.8644943e+000

'Wolf_Pit_19_A3
3.6988139e+000 -4.3116250e+000 3.9959712e+000
5.4338894e+000 -5.0914955e+000 4.2118092e+000
4.3315482e+000 -5.5284715e+000 4.0595946e+000
5.1547651e+000 -3.8075159e+000 4.0886369e+000
4.7577744e+000 -4.7680302e+000 3.9163527e+000
3.7478235e+000 -4.8577213e+000 4.0175238e+000
3.9681635e+000 -5.2645259e+000 4.0149679e+000
4.7805109e+000 -5.4485326e+000 4.1492782e+000
5.1507440e+000 -5.3499970e+000 4.1969924e+000
4.1143208e+000 -3.9575815e+000 3.9420452e+000
4.6077290e+000 -3.7215235e+000 3.9638762e+000
5.4495993e+000 -4.1556606e+000 4.1562428e+000
5.5749979e+000 -4.6175046e+000 4.2208471e+000
4.0146780e+000 -4.4814081e+000 3.8951068e+000
5.1514831e+000 -4.9386444e+000 4.1133690e+000
4.4733553e+000 -5.1663618e+000 3.9866939e+000
4.9446988e+000 -4.2073660e+000 4.0439177e+000

'Wolf_Pit_20_A3
1.2600527e+001 -7.6512752e+000 4.7941222e+000
1.0772678e+001 -7.4381638e+000 4.4973230e+000
1.1711803e+001 -6.9088373e+000 4.8396158e+000
1.1477509e+001 -8.3753309e+000 4.3344975e+000
1.1663923e+001 -7.4290915e+000 4.3766370e+000
1.2489557e+001 -7.2975965e+000 4.8895082e+000
1.2138688e+001 -7.0528431e+000 4.8728285e+000
1.1306778e+001 -6.9967504e+000 4.7119255e+000
1.1042932e+001 -7.1417961e+000 4.6072030e+000
1.2479214e+001 -8.0650768e+000 4.5406280e+000
1.1991932e+001 -8.2767277e+000 4.3650208e+000
1.1146591e+001 -8.2415075e+000 4.3165431e+000
1.0915901e+001 -7.8259153e+000 4.3535390e+000
1.2210135e+001 -7.5592709e+000 4.6006494e+000
1.1135990e+001 -7.4361429e+000 4.4318242e+000
1.1684736e+001 -7.0973744e+000 4.7230692e+000
1.1523819e+001 -8.1191025e+000 4.3297114e+000

'Wolf_Pit_21_A3
-9.0894156e+000 -3.3691430e+000 2.1341422e+000
-9.7339087e+000 -4.6945367e+000 2.2241189e+000
-9.9916410e+000 -3.8676889e+000 2.1164761e+000
-8.8587751e+000 -4.3826065e+000 2.3092158e+000
-9.4947033e+000 -4.3966937e+000 2.0196657e+000
-9.4423695e+000 -3.4592652e+000 2.1486235e+000
-9.7546072e+000 -3.6382170e+000 2.0746419e+000
-9.9989586e+000 -4.1931257e+000 2.1194942e+000
-9.9280605e+000 -4.4819045e+000 2.1368113e+000
-8.8055544e+000 -3.6924536e+000 2.2298124e+000
-8.7843952e+000 -3.9975398e+000 2.2550981e+000
-9.0994930e+000 -4.5782294e+000 2.3088708e+000
-9.3990393e+000 -4.7057838e+000 2.2336540e+000
-9.1881199e+000 -3.7187512e+000 2.1321397e+000
-9.6593332e+000 -4.5398555e+000 2.1051490e+000
-9.6976242e+000 -3.9914827e+000 2.0275037e+000
-9.1307850e+000 -4.3392596e+000 2.1710348e+000

'Wolf_Pit_22_A3
-9.9854794e+000 3.4593682e+000 1.5233707e+000
-9.9376183e+000 1.6690955e+000 1.8339121e+000
-1.0944657e+001 2.3666649e+000 1.5853786e+000
-9.2283850e+000 2.6184921e+000 1.7724526e+000
-9.9044008e+000 2.3950284e+000 1.5186410e+000
-1.0365848e+001 3.2444406e+000 1.5130181e+000
-1.0649089e+001 2.8803239e+000 1.5176210e+000
-1.0656921e+001 1.9644067e+000 1.6976194e+000
-1.0311659e+001 1.7467794e+000 1.7487559e+000
-9.5996914e+000 3.3666546e+000 1.5976510e+000
-9.3301382e+000 3.0324886e+000 1.6671085e+000
-9.2782669e+000 2.1810045e+000 1.7866881e+000
-9.5880957e+000 1.8990654e+000 1.8448982e+000
-9.9674072e+000 2.8849194e+000 1.5305901e+000
-9.9199438e+000 1.9907763e+000 1.6865666e+000
-1.0551745e+001 2.3520663e+000 1.5262880e+000
-9.4855766e+000 2.5459373e+000 1.6817636e+000

'Wolf_Pit_23_A3
-5.8158765e+000 -1.3619739e+000 6.7042875e+000
-7.5891490e+000 2.3144498e-001 6.6992340e+000
-6.2261372e+000 4.0506470e-001 6.9734282e+000
-7.5634022e+000 -1.3058615e+000 6.4765925e+000
-6.7609143e+000 -2.8102201e-001 6.4293528e+000
-5.7082324e+000 -7.4837595e-001 6.8810673e+000
-5.9031043e+000 -8.4246136e-002 6.9881134e+000
-6.6866093e+000 5.8843660e-001 6.8080988e+000
-7.1629896e+000 5.0379705e-001 6.7339268e+000
-6.3761873e+000 -1.6373771e+000 6.4621406e+000
-6.9669275e+000 -1.6038179e+000 6.4400306e+000
-7.8492980e+000 -7.0656776e-001 6.5870829e+000
-7.8027563e+000 -2.4881124e-001 6.6320367e+000
-6.2988529e+000 -8.4885544e-001 6.5898108e+000
-7.4592772e+000 1.4560041e-002 6.5754104e+000
-6.4765401e+000 1.7509358e-001 6.7922530e+000
-7.2006073e+000 -7.3266238e-001 6.5117130e+000

'Wolf_Pit_24_A3
-1.1785701e+001 -5.0643373e+000 5.4220486e+000
-1.2691172e+001 -2.7258909e+000 6.4721928e+000
-1.1364993e+001 -3.7204075e+000 6.3876963e+000
-1.3436940e+001 -3.9071350e+000 5.6842203e+000
-1.2274500e+001 -3.6364524e+000 6.0191240e+000
-1.1400401e+001 -4.7511859e+000 5.7933531e+000
-1.1267121e+001 -4.2499089e+000 6.1312084e+000
-1.1682321e+001 -3.1794910e+000 6.5583763e+000
-1.2050515e+001 -2.8530765e+000 6.6267843e+000
-1.2549515e+001 -4.8457541e+000 5.3672295e+000
-1.3019087e+001 -4.4727144e+000 5.4609213e+000
-1.3386744e+001 -3.4252422e+000 5.9273510e+000
-1.3227036e+001 -2.9853411e+000 6.2164021e+000
-1.1941712e+001 -4.5925221e+000 5.6445131e+000
-1.2536928e+001 -3.0621758e+000 6.2839699e+000
-1.1794608e+001 -3.7204494e+000 6.2356052e+000
-1.3016397e+001 -3.8101835e+000 5.7621021e+000

'Wolf_Pit_25_A3
9.2766547e-001 -4.7997417e+000 9.0485620e+000
3.3942585e+000 -4.0471683e+000 9.9464445e+000
2.4965632e+000 -5.2185426e+000 9.1799536e+000
1.7487459e+000 -3.4671547e+000 9.9154100e+000
2.2415283e+000 -4.2561536e+000 9.5366554e+000
1.4055004e+000 -5.1373229e+000 8.9273586e+000
1.9509544e+000 -5.2710919e+000 9.0011339e+000
3.0256252e+000 -4.9633856e+000 9.4270639e+000
3.3470201e+000 -4.5455937e+000 9.7021685e+000
9.2022085e-001 -4.1905403e+000 9.4021740e+000
1.2006214e+000 -3.7576659e+000 9.6627102e+000
2.3064518e+000 -3.4674599e+000 1.0030673e+001
2.8710306e+000 -3.6893027e+000 1.0029183e+001
1.4292327e+000 -4.6308150e+000 9.1737986e+000
2.6082187e+000 -4.3053617e+000 9.6980896e+000
2.3221030e+000 -4.9457912e+000 9.2865629e+000
1.9251219e+000 -3.7683296e+000 9.7706537e+000

'Wolf_Pit_26_A3
-5.6010499e+000 4.2467117e+000 1.0601325e+001
-3.7376657e+000 4.1616635e+000 1.0942792e+001
-4.7285113e+000 3.1637137e+000 1.0554321e+001
-4.7771020e+000 4.9703755e+000 1.0871826e+001
-4.6326380e+000 3.8493342e+000 1.0641837e+001
-5.4582758e+000 3.8142834e+000 1.0501258e+001
-5.1031942e+000 3.3856795e+000 1.0505006e+001
-4.2301536e+000 3.3797572e+000 1.0741419e+001
-3.9132395e+000 3.6714983e+000 1.0838622e+001
-5.5118580e+000 4.6353960e+000 1.0718460e+001
-5.1980782e+000 4.9556432e+000 1.0786681e+001
-4.3044014e+000 4.8489022e+000 1.0943285e+001
-3.9304576e+000 4.6513305e+000 1.1005735e+001
-5.2335153e+000 4.2578163e+000 1.0642875e+001
-4.1182790e+000 4.0906534e+000 1.0930081e+001
-4.6649013e+000 3.4801860e+000 1.0597504e+001
-4.7040768e+000 4.4307394e+000 1.0824677e+001

'Wolf_Pit_27_A3
-1.0732007e+000 -1.0220250e+000 7.2209306e+000
-2.4097524e+000 -2.9976821e-001 7.2220683e+000
-1.4685602e+000 -1.2523546e-003 7.3387966e+000
-2.1316609e+000 -1.1473546e+000 6.9831295e+000
-1.7774951e+000 -5.7684922e-001 7.0262651e+000
-1.1394842e+000 -6.7060751e-001 7.2098098e+000
-1.2645423e+000 -3.6151442e-001 7.2575088e+000
-1.8489060e+000 5.1603355e-002 7.2975769e+000
-2.1809621e+000 -7.7407412e-002 7.2732472e+000
-1.4438069e+000 -1.2854263e+000 7.0676632e+000
-1.8057804e+000 -1.3001462e+000 6.9696646e+000
-2.3742211e+000 -9.4507974e-001 7.0083237e+000
-2.4480610e+000 -6.6233945e-001 7.1218367e+000
-1.3267376e+000 -8.7702304e-001 7.1282244e+000
-2.2385669e+000 -3.6833769e-001 7.1603017e+000
-1.5687454e+000 -1.8429832e-001 7.2175016e+000
-2.0135863e+000 -8.7619936e-001 7.0365419e+000

'Wolf_Pit_28_A3
2.0552254e+000 4.6406712e-002 7.7628407e+000
-3.0501246e-001 7.9702014e-001 7.6429377e+000
1.2250600e+000 1.6345142e+000 7.8016601e+000
3.8549238e-001 -5.9448212e-001 7.4884853e+000
1.3053056e+000 5.2840835e-001 7.6352148e+000
2.2042873e+000 5.8833909e-001 7.8701744e+000
1.8104966e+000 1.1944152e+000 7.8284550e+000
5.9174120e-001 1.3751445e+000 7.7988768e+000
9.7597122e-002 1.1914064e+000 7.6881742e+000
1.5837234e+000 -3.9473429e-001 7.6421347e+000
9.6124917e-001 -6.0061181e-001 7.5751448e+000
-1.6571283e-003 -1.6176571e-001 7.5123653e+000
-2.4037623e-001 2.9310536e-001 7.5851889e+000
1.6646354e+000 2.3907416e-001 7.6659412e+000
3.8741642e-001 6.5433997e-001 7.5927658e+000
1.1524065e+000 1.0942904e+000 7.7096219e+000
6.8082476e-001 -1.8397802e-001 7.5094104e+000

'Wolf_Pit_29_A3
-4.8537765e+000 4.5051351e-001 5.8013716e+000
-9.1873348e-001 5.1362467e-001 5.5774226e+000
-2.5446968e+000 -1.0754509e+000 5.6131978e+000
-2.4437561e+000 2.6235781e+000 5.7138224e+000
-2.7462974e+000 9.0749979e-001 5.4680619e+000
-4.2974138e+000 -6.4386025e-002 5.7576203e+000
-3.5323699e+000 -5.8689624e-001 5.6931734e+000
-1.6386217e+000 -8.6982787e-001 5.5749135e+000
-1.2095438e+000 -1.5164016e-001 5.5353756e+000
-4.1408858e+000 1.3495227e+000 5.7680979e+000
-3.3987823e+000 1.9287211e+000 5.7396879e+000
-1.4977431e+000 2.2468364e+000 5.6136022e+000
-9.4130629e-001 1.3724211e+000 5.5878887e+000
-3.6185632e+000 5.3369319e-001 5.6698809e+000
-1.4812945e+000 5.8716053e-001 5.5388641e+000
-2.5891399e+000 -3.3008024e-001 5.5061669e+000
-2.3223081e+000 1.7350398e+000 5.6078849e+000

'Wolf_Pit_30_A3
-4.0066366e+000 -2.7602661e-001 1.6891117e+000
-2.8858881e+000 8.8769388e-001 1.5067058e+000
-2.9213896e+000 -8.8088311e-002 1.5769162e+000
-3.8310196e+000 8.0966896e-001 1.6349282e+000
-3.3982062e+000 2.7429298e-001 1.5134602e+000
-3.6103051e+000 -3.1135705e-001 1.6427350e+000
-3.2823753e+000 -2.4066246e-001 1.6035781e+000
-2.8220778e+000 2.7327642e-001 1.5141835e+000
-2.8006382e+000 5.5331337e-001 1.4953113e+000
-4.1718998e+000 1.6460241e-001 1.6996894e+000
-4.0837755e+000 5.4035091e-001 1.6673546e+000
-3.5327523e+000 9.8733348e-001 1.5715065e+000
-3.2159450e+000 1.0140401e+000 1.5432496e+000
-3.8031726e+000 -8.5988015e-002 1.5855219e+000
-3.0869429e+000 7.2849917e-001 1.5026867e+000
-3.1564178e+000 1.1723615e-001 1.4829786e+000
-3.6993394e+000 6.4578313e-001 1.5915790e+000
