[individuals]
30
[landmarks]
17
[dimensions]
3
[names]
Wolf_Pit_1_A2
Wolf_Pit_2_A2
Wolf_Pit_3_A2
Wolf_Pit_4_A2
Wolf_Pit_5_A2
Wolf_Pit_6_A2
Wolf_Pit_7_A2
Wolf_Pit_8_A2
Wolf_Pit_9_A2
Wolf_Pit_10_A2
Wolf_Pit_11_A2
Wolf_Pit_12_A2
Wolf_Pit_13_A2
Wolf_Pit_14_A2
Wolf_Pit_15_A2
Wolf_Pit_16_A2
Wolf_Pit_17_A2
Wolf_Pit_18_A2
Wolf_Pit_19_A2
Wolf_Pit_20_A2
Wolf_Pit_21_A2
Wolf_Pit_22_A2
Wolf_Pit_23_A2
Wolf_Pit_24_A2
Wolf_Pit_25_A2
Wolf_Pit_26_A2
Wolf_Pit_27_A2
Wolf_Pit_28_A2
Wolf_Pit_29_A2
Wolf_Pit_30_A2
[labels]
Sample
[labelvalues]
A2
A2
A2
A2
A2
A2
A2
A2
A2
A2
A2
A2
A2
A2
A2
A2
A2
A2
A2
A2
A2
A2
A2
A2
A2
A2
A2
A2
A2
A2
[rawpoints]
'Wolf_Pit_1_A2
1.3778924e+000 -7.7091522e+000 5.2254081e+000
-4.6943486e-001 -9.0701838e+000 4.5266390e+000
-5.2860808e-001 -7.5070744e+000 5.1802168e+000
8.7964690e-001 -8.9819241e+000 4.7649384e+000
1.2645721e-002 -8.3594990e+000 4.6140394e+000
7.9409432e-001 -7.4121060e+000 5.3133359e+000
4.5386672e-002 -7.3865967e+000 5.2826977e+000
-7.6522934e-001 -8.0079899e+000 4.9680533e+000
-7.4733233e-001 -8.6052380e+000 4.7422991e+000
1.4216368e+000 -8.3077335e+000 5.0393047e+000
1.1942174e+000 -8.6929693e+000 4.8923554e+000
4.3014097e-001 -9.2063484e+000 4.6433783e+000
-7.8827739e-003 -9.2231245e+000 4.5449166e+000
4.8975492e-001 -8.2121830e+000 4.7877541e+000
-4.2889547e-001 -8.6374702e+000 4.5904684e+000
-1.0521865e-001 -7.9308338e+000 4.8293791e+000
1.9564140e-001 -8.8761396e+000 4.6811228e+000

'Wolf_Pit_2_A2
3.1381431e+000 -3.0901461e+000 -1.3894582e+000
4.3309278e+000 -1.9861463e+000 -1.1284857e+000
4.5132322e+000 -3.1419365e+000 -1.3246598e+000
3.3602674e+000 -2.0361068e+000 -1.1798029e+000
3.8152721e+000 -2.6070805e+000 -1.3893690e+000
3.5814848e+000 -3.2650421e+000 -1.3927155e+000
4.0770068e+000 -3.2641077e+000 -1.3742857e+000
4.5870676e+000 -2.7414081e+000 -1.2772584e+000
4.5085058e+000 -2.3989155e+000 -1.1941748e+000
3.0412517e+000 -2.7902236e+000 -1.3289208e+000
3.1614342e+000 -2.3740151e+000 -1.2385893e+000
3.5831470e+000 -1.8919924e+000 -1.1548233e+000
3.9640455e+000 -1.8816068e+000 -1.1412468e+000
3.4731412e+000 -2.8126693e+000 -1.3750477e+000
4.0436692e+000 -2.2984991e+000 -1.2735438e+000
4.0644984e+000 -2.8848784e+000 -1.3357120e+000
3.5430465e+000 -2.3193226e+000 -1.2599502e+000

'Wolf_Pit_3_A2
-1.0245405e+000 -3.7777121e+000 -1.6022742e+000
-2.0506904e+000 -5.1693091e+000 -1.9103677e+000
-2.2268624e+000 -4.1354623e+000 -1.7037468e+000
-9.2333734e-001 -5.0013585e+000 -1.8904753e+000
-1.8800850e+000 -4.5831871e+000 -1.9660826e+000
-1.5281693e+000 -3.7701695e+000 -1.6018233e+000
-1.9489336e+000 -3.8978763e+000 -1.6819763e+000
-2.3918152e+000 -4.5187564e+000 -1.8316016e+000
-2.3019552e+000 -4.9557438e+000 -1.8745141e+000
-6.7798388e-001 -4.1235633e+000 -1.6743231e+000
-8.3248311e-001 -4.6229568e+000 -1.7834415e+000
-1.2719469e+000 -5.2403765e+000 -1.9258018e+000
-1.6326734e+000 -5.2885923e+000 -1.9366136e+000
-1.5522385e+000 -4.4536810e+000 -1.8489890e+000
-2.1447070e+000 -4.7052121e+000 -1.9131870e+000
-2.0247548e+000 -4.3004899e+000 -1.8698812e+000
-1.6935009e+000 -4.9450340e+000 -1.9674478e+000

'Wolf_Pit_4_A2
7.4047823e+000 3.8239059e+000 -2.3193979e-001
6.1059990e+000 2.7905941e+000 -4.2763901e-001
6.4742398e+000 3.6673307e+000 -3.0045128e-001
7.1562247e+000 3.0262642e+000 -2.6766825e-001
6.5416317e+000 3.1013865e+000 -5.6833792e-001
7.1178212e+000 3.8006725e+000 -2.5221491e-001
6.7888656e+000 3.7844360e+000 -2.8698206e-001
6.2369571e+000 3.4654145e+000 -4.0227747e-001
6.0852771e+000 3.2185707e+000 -4.2698288e-001
7.4794106e+000 3.5081625e+000 -3.2088470e-001
7.3583274e+000 3.2599001e+000 -3.0651808e-001
6.9348297e+000 2.7323279e+000 -4.6871662e-001
6.5357924e+000 2.5961025e+000 -3.7296772e-001
6.7241144e+000 3.2795608e+000 -4.4825029e-001
6.3434973e+000 2.9438000e+000 -5.2964401e-001
6.3658962e+000 3.2660866e+000 -5.0935602e-001
6.7382450e+000 2.9140246e+000 -5.0987148e-001

'Wolf_Pit_5_A2
-3.3583817e+000 -1.3904042e+000 9.7842941e+000
-4.7605953e+000 -4.2955866e+000 9.1718616e+000
-5.3245549e+000 -2.4707155e+000 9.7907047e+000
-3.1010952e+000 -3.6411800e+000 9.2112713e+000
-4.1370964e+000 -3.1876349e+000 9.0380011e+000
-4.1171288e+000 -1.5489616e+000 9.7519169e+000
-4.9046664e+000 -1.9669491e+000 9.7552090e+000
-5.6052475e+000 -2.9959030e+000 9.6478558e+000
-5.2660470e+000 -3.8717508e+000 9.3874836e+000
-2.8587477e+000 -1.9853189e+000 9.5811024e+000
-2.8179960e+000 -3.1975734e+000 9.3035002e+000
-3.5209653e+000 -4.0284715e+000 9.1484203e+000
-4.0877538e+000 -4.3516560e+000 9.0655518e+000
-3.7973597e+000 -2.6602395e+000 9.3458176e+000
-4.5552001e+000 -3.6362779e+000 9.1786442e+000
-4.6618476e+000 -2.7601194e+000 9.3426456e+000
-3.7095184e+000 -3.4668980e+000 9.1058311e+000

'Wolf_Pit_6_A2
3.6496601e+000 9.0841287e-001 9.4222584e+000
2.9835234e+000 3.3725469e+000 9.9530439e+000
4.5403242e+000 2.1443143e+000 9.5992622e+000
2.6125684e+000 1.5518577e+000 9.6925726e+000
3.4540861e+000 2.3033135e+000 9.5151138e+000
4.0783648e+000 9.8798370e-001 9.4731884e+000
4.4241710e+000 1.5911229e+000 9.5297298e+000
4.1624794e+000 2.6362863e+000 9.7708340e+000
3.6062360e+000 3.0729890e+000 9.8714142e+000
3.2613924e+000 7.6672751e-001 9.4550285e+000
2.8655477e+000 1.0055046e+000 9.5761089e+000
2.5108263e+000 2.1768274e+000 9.7984486e+000
2.7386498e+000 2.8805404e+000 9.8502998e+000
3.5582943e+000 1.6466053e+000 9.4012203e+000
3.3096640e+000 2.6873283e+000 9.7271194e+000
3.9207325e+000 2.3344285e+000 9.6326532e+000
2.9025834e+000 1.9663389e+000 9.6736422e+000

'Wolf_Pit_7_A2
1.2132933e+000 -1.3300227e+000 1.6092329e+000
3.3168449e+000 -3.8737273e+000 1.4742384e+000
1.6227065e+000 -3.4032495e+000 1.5495710e+000
2.7601447e+000 -2.4411256e+000 1.6378441e+000
2.1055644e+000 -2.8975639e+000 1.3201513e+000
1.2596220e+000 -2.0551629e+000 1.5899601e+000
1.3227606e+000 -2.8442996e+000 1.5964413e+000
2.0832932e+000 -3.6668067e+000 1.5796413e+000
2.7668257e+000 -3.9586010e+000 1.4487791e+000
1.7850783e+000 -1.3400341e+000 1.6483259e+000
2.4451406e+000 -2.0277009e+000 1.6432753e+000
3.3028932e+000 -2.7132359e+000 1.6872320e+000
3.4838967e+000 -3.4422317e+000 1.5972328e+000
1.6926000e+000 -1.8611467e+000 1.4258041e+000
2.9140680e+000 -3.6014588e+000 1.3890810e+000
1.8438845e+000 -3.0666761e+000 1.4257460e+000
2.3933570e+000 -2.6183827e+000 1.3743706e+000

'Wolf_Pit_8_A2
1.3116442e-001 2.9042451e+000 -2.9159751e+000
1.4826050e+000 2.1708412e+000 -3.0604234e+000
5.6186044e-001 2.1896496e+000 -2.9539609e+000
8.9460194e-001 2.9574385e+000 -2.9050810e+000
8.8176262e-001 2.4662514e+000 -3.0173488e+000
1.7289460e-001 2.6311984e+000 -2.9359617e+000
3.4323543e-001 2.3973787e+000 -2.9384880e+000
9.2277932e-001 2.0497110e+000 -3.0128860e+000
1.2227544e+000 2.0339572e+000 -3.0546319e+000
3.2201684e-001 3.0284834e+000 -2.8933167e+000
6.7807400e-001 3.0329828e+000 -2.8879976e+000
1.1217784e+000 2.7551687e+000 -2.9572263e+000
1.3712671e+000 2.4306448e+000 -3.0106456e+000
4.3678308e-001 2.7745862e+000 -2.9462147e+000
1.1409174e+000 2.2940359e+000 -3.0429177e+000
6.4056933e-001 2.3484395e+000 -2.9933319e+000
9.0500736e-001 2.7402134e+000 -2.9719958e+000

'Wolf_Pit_9_A2
-1.5582744e+000 2.2955041e+000 -2.8266733e+000
-1.6848170e+000 9.7358197e-001 -2.9465466e+000
-2.5378435e+000 1.7355464e+000 -2.7241502e+000
-9.5565772e-001 1.4647318e+000 -2.9419079e+000
-1.6230496e+000 1.5298615e+000 -3.0610909e+000
-1.9119333e+000 2.2802453e+000 -2.7828674e+000
-2.3262477e+000 2.0878453e+000 -2.7624605e+000
-2.3606358e+000 1.4702410e+000 -2.7415516e+000
-2.0290041e+000 1.1237460e+000 -2.8215783e+000
-1.2728525e+000 2.1563282e+000 -2.8749611e+000
-9.2527354e-001 1.7848573e+000 -2.9019530e+000
-9.8994023e-001 1.2430352e+000 -2.9745343e+000
-1.3119910e+000 1.0426310e+000 -2.9670048e+000
-1.5931829e+000 1.7144706e+000 -2.9982762e+000
-1.6548752e+000 1.2557462e+000 -3.0539184e+000
-1.8790219e+000 1.5883651e+000 -2.9405615e+000
-1.3839952e+000 1.4941072e+000 -3.0364666e+000

'Wolf_Pit_10_A2
-5.8363366e+000 -3.6685658e+000 -1.0135947e+000
-4.7775683e+000 -2.5303025e+000 -1.1983343e+000
-4.9414215e+000 -3.5190558e+000 -1.0973301e+000
-5.6401401e+000 -2.7278440e+000 -1.1050630e+000
-5.2697191e+000 -2.9539914e+000 -1.2398419e+000
-5.5156822e+000 -3.8299897e+000 -1.0338776e+000
-5.1354289e+000 -3.6784575e+000 -1.0698011e+000
-4.6977601e+000 -3.2902970e+000 -1.0790153e+000
-4.6668534e+000 -2.9139571e+000 -1.1294744e+000
-5.9380078e+000 -3.4054847e+000 -1.0364332e+000
-5.8344989e+000 -3.0915051e+000 -1.0953350e+000
-5.3723426e+000 -2.6102054e+000 -1.1926150e+000
-5.0456734e+000 -2.5070982e+000 -1.2116449e+000
-5.5806489e+000 -3.2280087e+000 -1.1557300e+000
-5.1212788e+000 -2.8220389e+000 -1.2567663e+000
-5.2556887e+000 -3.1975925e+000 -1.2133913e+000
-5.5193181e+000 -2.8639123e+000 -1.1623666e+000

'Wolf_Pit_11_A2
-5.6034428e-001 -5.2228389e+000 -1.1780181e+000
-9.2908269e-001 -4.0062943e+000 -1.2182827e+000
-3.6119211e-001 -4.4039273e+000 -1.1785100e+000
-1.2092890e+000 -4.6758947e+000 -1.1862018e+000
-6.2720978e-001 -4.8159661e+000 -1.2745397e+000
-4.2603594e-001 -4.9670758e+000 -1.1952529e+000
-3.3415994e-001 -4.6485777e+000 -1.2047410e+000
-4.4225702e-001 -4.1719608e+000 -1.2185948e+000
-7.2765416e-001 -3.9374471e+000 -1.2498691e+000
-8.4184361e-001 -5.1403604e+000 -1.1783788e+000
-1.1063288e+000 -4.9259138e+000 -1.1620100e+000
-1.2615623e+000 -4.4135413e+000 -1.1818898e+000
-1.1508158e+000 -4.1193194e+000 -1.1826441e+000
-5.9835339e-001 -5.0369854e+000 -1.2030568e+000
-7.0787299e-001 -4.5818310e+000 -1.2828150e+000
-4.7708192e-001 -4.7159767e+000 -1.2390554e+000
-8.3947492e-001 -4.8997602e+000 -1.2327957e+000

'Wolf_Pit_12_A2
-4.7298145e+000 1.8278599e-003 6.0382519e+000
-4.7973337e+000 -2.0937226e+000 5.8992920e+000
-5.5712008e+000 -9.7684008e-001 6.1173992e+000
-3.8535271e+000 -9.6523988e-001 5.5323520e+000
-4.4991117e+000 -1.6301048e+000 5.5730882e+000
-5.2222443e+000 9.6157484e-002 6.0136333e+000
-5.4427252e+000 -2.6756883e-001 5.9904814e+000
-5.4764152e+000 -1.4166352e+000 6.1540804e+000
-5.2765403e+000 -1.9376682e+000 6.1069756e+000
-4.1400294e+000 -1.5399966e-001 5.8702621e+000
-3.9671557e+000 -4.2108339e-001 5.7485452e+000
-3.9309840e+000 -1.5730330e+000 5.7459483e+000
-4.3066640e+000 -1.9187300e+000 5.8294330e+000
-4.7043700e+000 -1.1849198e+000 5.6053452e+000
-4.4862881e+000 -1.9122576e+000 5.8234625e+000
-4.9185987e+000 -1.8069899e+000 5.7715492e+000
-4.1628690e+000 -1.4532541e+000 5.6379104e+000

'Wolf_Pit_13_A2
-2.5933220e+000 -2.2400279e+000 5.8561959e+000
-3.0807867e+000 5.6540054e-001 5.7594404e+000
-2.1156945e+000 -5.2435166e-001 5.7499619e+000
-3.5083027e+000 -6.8973207e-001 5.6728158e+000
-2.8542891e+000 -8.7726516e-001 5.4387083e+000
-2.2871721e+000 -1.8081458e+000 5.7753849e+000
-2.0431299e+000 -9.2296016e-001 5.7691007e+000
-2.3004441e+000 -1.0085693e-001 5.8024154e+000
-2.5503085e+000 3.9405283e-001 5.7628355e+000
-2.9522452e+000 -2.0181465e+000 5.7816396e+000
-3.3747039e+000 -1.3253723e+000 5.6458297e+000
-3.5130310e+000 -2.6135284e-001 5.7535682e+000
-3.4108686e+000 3.1828207e-001 5.8719234e+000
-2.7054276e+000 -1.5428258e+000 5.5543618e+000
-2.9342752e+000 -2.2758882e-001 5.6482725e+000
-2.3549645e+000 -6.1989707e-001 5.6334138e+000
-3.2600377e+000 -8.9835459e-001 5.5080991e+000

'Wolf_Pit_14_A2
3.1796122e-001 -2.5152695e+000 1.2758464e+001
1.4668477e+000 -3.6975744e-001 1.2753231e+001
1.6083584e+000 -1.9879687e+000 1.2519714e+001
1.6132903e-001 -9.0807229e-001 1.2740294e+001
6.6439492e-001 -1.4176574e+000 1.2442777e+001
7.9054582e-001 -2.4544432e+000 1.2782656e+001
1.2193239e+000 -2.1950078e+000 1.2700239e+001
1.9076830e+000 -1.4178458e+000 1.2559494e+001
1.9461616e+000 -7.8813642e-001 1.2744997e+001
6.8975449e-002 -2.1427801e+000 1.2786745e+001
4.4775844e-002 -1.4038544e+000 1.2720922e+001
5.4822516e-001 -5.7220662e-001 1.2694963e+001
1.0849230e+000 -4.2124143e-001 1.2727490e+001
3.8110346e-001 -1.8093933e+000 1.2607031e+001
9.8468196e-001 -1.0698614e+000 1.2434896e+001
9.3730259e-001 -1.6602525e+000 1.2496962e+001
4.0908939e-001 -1.0993636e+000 1.2544260e+001

'Wolf_Pit_15_A2
-4.9249411e-002 -2.4395258e+000 1.2876543e+001
7.2278798e-001 -3.3489175e+000 1.2761468e+001
-2.6092529e-003 -3.2025592e+000 1.2765383e+001
6.6459882e-001 -2.6590145e+000 1.2821434e+001
6.6550004e-001 -3.1646976e+000 1.2663711e+001
-1.5991318e-001 -2.7221966e+000 1.2827698e+001
-1.0840988e-001 -2.9952900e+000 1.2814383e+001
1.8653035e-001 -3.3652663e+000 1.2738359e+001
5.0209492e-001 -3.4421432e+000 1.2755033e+001
1.8903154e-001 -2.3762653e+000 1.2777514e+001
4.6026373e-001 -2.4646218e+000 1.2735416e+001
8.3820796e-001 -2.8328657e+000 1.2754629e+001
9.1159260e-001 -3.1402040e+000 1.2772660e+001
4.8495054e-001 -3.0161717e+000 1.2696884e+001
6.8863767e-001 -3.2688680e+000 1.2717976e+001
4.6159202e-001 -3.2599571e+000 1.2669092e+001
7.4986631e-001 -2.9922409e+000 1.2704411e+001

'Wolf_Pit_16_A2
2.4822078e+000 -1.7906253e+000 1.2694865e+001
1.5736957e+000 -3.1068311e+000 1.2644070e+001
1.5295422e+000 -2.0599852e+000 1.2576881e+001
2.4712672e+000 -2.9495275e+000 1.2602738e+001
2.0158169e+000 -2.7801280e+000 1.2407272e+001
2.1362290e+000 -1.8140882e+000 1.2567532e+001
1.7842076e+000 -1.9392314e+000 1.2513180e+001
1.3943431e+000 -2.3454096e+000 1.2662511e+001
1.3703477e+000 -2.7547421e+000 1.2707169e+001
2.6823890e+000 -2.1948521e+000 1.2763918e+001
2.6570463e+000 -2.6657405e+000 1.2643795e+001
2.2503533e+000 -3.1291578e+000 1.2671398e+001
1.9162922e+000 -3.1706307e+000 1.2664806e+001
2.0429552e+000 -2.4907329e+000 1.2414264e+001
1.6070143e+000 -2.6896870e+000 1.2511162e+001
1.7057564e+000 -2.3008294e+000 1.2453154e+001
1.9795265e+000 -2.9500949e+000 1.2485186e+001

'Wolf_Pit_17_A2
9.6281606e-001 -8.7583196e-001 3.1047149e+000
2.9346700e+000 -1.1493739e-001 3.3470030e+000
1.9998481e+000 -1.0832148e+000 3.2364340e+000
1.7025416e+000 2.8463432e-001 3.1803641e+000
1.8715565e+000 -4.0545899e-001 3.1127610e+000
1.2169793e+000 -1.0658572e+000 3.1324463e+000
1.7086210e+000 -1.1286551e+000 3.1750164e+000
2.5430648e+000 -9.8568976e-001 3.3055465e+000
2.8642685e+000 -5.5328625e-001 3.3752730e+000
1.0123148e+000 -4.1816580e-001 3.1030066e+000
1.4050531e+000 2.4033599e-002 3.1802330e+000
2.1845009e+000 3.0386874e-001 3.2553113e+000
2.6160328e+000 1.1754695e-001 3.3494346e+000
1.4671834e+000 -6.3107961e-001 3.1188917e+000
2.2400193e+000 -2.7125862e-001 3.1900482e+000
1.9329909e+000 -7.2957486e-001 3.1600261e+000
1.7913437e+000 -7.0599496e-002 3.1203175e+000

'Wolf_Pit_18_A2
8.1262770e+000 -1.1549211e-001 4.0907631e+000
6.1847720e+000 -6.8638623e-001 3.7585461e+000
6.8993616e+000 1.4221215e-001 3.8612840e+000
7.3394041e+000 -1.3098176e+000 3.8850846e+000
7.2805862e+000 -3.1469789e-001 3.6838827e+000
7.8556647e+000 1.2399060e-001 4.0129194e+000
7.3305655e+000 2.3313262e-001 3.9577625e+000
6.6099682e+000 2.0378046e-002 3.7876534e+000
6.2772880e+000 -2.6302284e-001 3.7638159e+000
8.2893858e+000 -6.0154623e-001 4.0845594e+000
7.8450899e+000 -1.0629743e+000 3.9457812e+000
6.8566504e+000 -1.2252513e+000 3.8140664e+000
6.4371223e+000 -9.6301383e-001 3.7759876e+000
7.6373539e+000 -2.3881470e-001 3.8362260e+000
6.9066834e+000 -3.3260790e-001 3.7037015e+000
7.2511501e+000 -3.6811247e-002 3.7964907e+000
7.3063130e+000 -6.0752535e-001 3.7443891e+000

'Wolf_Pit_19_A2
5.4540091e+000 -4.6850429e+000 4.1999297e+000
3.6345224e+000 -4.3561988e+000 3.9909682e+000
4.6006703e+000 -3.9811735e+000 3.9927921e+000
4.4293671e+000 -5.7234712e+000 4.0795002e+000
4.4916773e+000 -4.7781315e+000 3.8738298e+000
5.3412194e+000 -4.2861094e+000 4.1742992e+000
5.0796599e+000 -4.0414872e+000 4.1202054e+000
4.0941563e+000 -4.0657225e+000 3.9867430e+000
3.7518115e+000 -4.2004194e+000 3.9771204e+000
5.2609262e+000 -5.1551633e+000 4.1971645e+000
4.8789954e+000 -5.4509435e+000 4.1757312e+000
4.0757656e+000 -5.4332614e+000 4.0373702e+000
3.6649444e+000 -5.0366716e+000 4.0175343e+000
4.8367310e+000 -4.8362522e+000 3.9455209e+000
3.9279838e+000 -4.7644744e+000 3.9955850e+000
4.4095230e+000 -4.4635606e+000 3.8993182e+000
4.3289609e+000 -5.1627684e+000 3.9873161e+000

'Wolf_Pit_20_A2
1.2419143e+001 -7.3383060e+000 4.8398747e+000
1.0832007e+001 -7.5674300e+000 4.4219980e+000
1.1546095e+001 -7.0312448e+000 4.7764335e+000
1.1693735e+001 -7.9754100e+000 4.3763409e+000
1.1791515e+001 -7.4090528e+000 4.4122787e+000
1.2174688e+001 -7.1298313e+000 4.8400183e+000
1.1879675e+001 -7.0314403e+000 4.8130541e+000
1.1352283e+001 -7.0791793e+000 4.6634393e+000
1.1022893e+001 -7.2628560e+000 4.5507903e+000
1.2404133e+001 -7.6696439e+000 4.6295590e+000
1.2054895e+001 -7.9355006e+000 4.4081621e+000
1.1394624e+001 -7.9464955e+000 4.3496828e+000
1.1081135e+001 -7.8093824e+000 4.3500319e+000
1.2108705e+001 -7.4215422e+000 4.6200676e+000
1.1346663e+001 -7.4162960e+000 4.3806672e+000
1.1726760e+001 -7.2082314e+000 4.6124411e+000
1.1848423e+001 -7.6871133e+000 4.4025087e+000

'Wolf_Pit_21_A2
-9.1103096e+000 -3.5684204e+000 2.1513309e+000
-9.8467712e+000 -4.8105869e+000 2.2557535e+000
-9.9861841e+000 -3.8993208e+000 2.1201773e+000
-9.0144148e+000 -4.4860616e+000 2.2974072e+000
-9.3950500e+000 -4.2360144e+000 2.0270519e+000
-9.4867544e+000 -3.5488417e+000 2.1446743e+000
-9.7089109e+000 -3.7123291e+000 2.0740032e+000
-9.9982834e+000 -4.1558838e+000 2.1178770e+000
-9.9871168e+000 -4.4378710e+000 2.1356096e+000
-8.9059982e+000 -3.8988657e+000 2.2388601e+000
-8.8999033e+000 -4.1689787e+000 2.2646360e+000
-9.2314367e+000 -4.6430736e+000 2.2698669e+000
-9.4819546e+000 -4.7655578e+000 2.2461319e+000
-9.2700958e+000 -3.8565264e+000 2.0938463e+000
-9.5732164e+000 -4.5211716e+000 2.0669127e+000
-9.6638145e+000 -4.0351958e+000 2.0187054e+000
-9.1684628e+000 -4.3574448e+000 2.1428843e+000

'Wolf_Pit_22_A2
-9.8183136e+000 3.2148869e+000 1.5499401e+000
-1.0378557e+001 1.5753704e+000 1.7871032e+000
-1.0893970e+001 2.6879110e+000 1.5603867e+000
-9.5851517e+000 1.9890823e+000 1.7994099e+000
-1.0153118e+001 2.3014557e+000 1.5017586e+000
-1.0152566e+001 3.1320441e+000 1.5240412e+000
-1.0550468e+001 2.8937471e+000 1.5354004e+000
-1.0928418e+001 2.3124652e+000 1.5912514e+000
-1.0738826e+001 1.8417872e+000 1.7064219e+000
-9.5587883e+000 2.8703947e+000 1.6339769e+000
-9.4950628e+000 2.2286959e+000 1.6872187e+000
-9.8546925e+000 1.7132550e+000 1.8439617e+000
-1.0048419e+001 1.6383830e+000 1.8153753e+000
-1.0045085e+001 2.6265175e+000 1.4943380e+000
-1.0301671e+001 1.9037043e+000 1.6827364e+000
-1.0451731e+001 2.3702540e+000 1.5070839e+000
-9.8672190e+000 2.1371942e+000 1.6246214e+000

'Wolf_Pit_23_A2
-6.1066914e+000 -1.4415199e+000 6.5630603e+000
-7.1603394e+000 4.9737188e-001 6.7312965e+000
-6.1349077e+000 -1.0242332e-001 6.8831735e+000
-7.6111307e+000 -7.5506389e-001 6.5373220e+000
-6.7516026e+000 -2.4282303e-001 6.4397683e+000
-6.0226116e+000 -9.7807592e-001 6.7027502e+000
-6.0058908e+000 -5.2304947e-001 6.8052845e+000
-6.4000483e+000 2.1642099e-001 6.8540783e+000
-6.8229866e+000 4.8570147e-001 6.7616987e+000
-6.6139889e+000 -1.4610393e+000 6.5042763e+000
-7.1674337e+000 -1.1057541e+000 6.4617124e+000
-7.8385782e+000 -2.0868838e-001 6.6537237e+000
-7.6073351e+000 2.4349762e-001 6.7080250e+000
-6.5716085e+000 -4.2835742e-001 6.4990473e+000
-6.9242401e+000 2.8837121e-001 6.6544042e+000
-6.4397907e+000 1.3478089e-003 6.7271819e+000
-7.0287108e+000 -1.7168292e-001 6.4628477e+000

'Wolf_Pit_24_A2
-1.1917093e+001 -5.2650805e+000 5.2642946e+000
-1.2706561e+001 -2.6823850e+000 6.5026731e+000
-1.1428917e+001 -3.8081663e+000 6.3278170e+000
-1.3149104e+001 -4.1426220e+000 5.6375494e+000
-1.2336517e+001 -3.7485476e+000 5.9290314e+000
-1.1554514e+001 -4.9257689e+000 5.6077833e+000
-1.1296870e+001 -4.4353418e+000 6.0035496e+000
-1.1563971e+001 -3.2222350e+000 6.5686560e+000
-1.2155380e+001 -2.7133648e+000 6.6550379e+000
-1.2440310e+001 -5.0508571e+000 5.2504883e+000
-1.2804806e+001 -4.5753870e+000 5.4469786e+000
-1.3184696e+001 -3.5666974e+000 5.8544044e+000
-1.3206584e+001 -3.0018137e+000 6.2194471e+000
-1.2097314e+001 -4.7631931e+000 5.4880886e+000
-1.2474199e+001 -3.2239304e+000 6.2210455e+000
-1.1872425e+001 -3.7170479e+000 6.2033215e+000
-1.2736584e+001 -3.7956238e+000 5.8371000e+000

'Wolf_Pit_25_A2
9.2738485e-001 -4.7109966e+000 9.0927153e+000
2.9621792e+000 -3.8678215e+000 9.9892340e+000
2.4482546e+000 -5.0522823e+000 9.2747097e+000
1.6182032e+000 -3.7864900e+000 9.7589388e+000
2.2580206e+000 -4.3780427e+000 9.4715366e+000
1.4979050e+000 -4.8687062e+000 9.0712156e+000
2.0024335e+000 -5.0853395e+000 9.1430025e+000
2.9277108e+000 -4.9786110e+000 9.4064045e+000
3.1288218e+000 -4.3506293e+000 9.7751665e+000
1.1011274e+000 -4.2994189e+000 9.3595486e+000
1.2515507e+000 -3.9689293e+000 9.5812922e+000
2.1717470e+000 -3.6568091e+000 9.8720741e+000
2.5885572e+000 -3.7566199e+000 9.9419765e+000
1.8008332e+000 -4.4692531e+000 9.3009892e+000
2.6684654e+000 -4.2891407e+000 9.7173948e+000
2.3829143e+000 -4.6853304e+000 9.3919992e+000
2.1215177e+000 -3.9791970e+000 9.6065702e+000

'Wolf_Pit_26_A2
-5.5339947e+000 4.1437793e+000 1.0593791e+001
-3.8968008e+000 3.5102029e+000 1.0832656e+001
-4.8051634e+000 3.1535096e+000 1.0535359e+001
-4.2646427e+000 4.8505993e+000 1.0950540e+001
-4.6508880e+000 3.9014165e+000 1.0657136e+001
-5.4569669e+000 3.6086783e+000 1.0482599e+001
-5.1536694e+000 3.2912862e+000 1.0489415e+001
-4.4970183e+000 3.1760924e+000 1.0612123e+001
-4.2455831e+000 3.3603432e+000 1.0733615e+001
-5.3156366e+000 4.4511871e+000 1.0700949e+001
-4.7082114e+000 4.8755426e+000 1.0858871e+001
-3.7877564e+000 4.6076365e+000 1.1030906e+001
-3.7641470e+000 3.9686007e+000 1.0908828e+001
-4.9814634e+000 4.0824156e+000 1.0684977e+001
-4.2875452e+000 3.6723025e+000 1.0746552e+001
-4.8849354e+000 3.4970081e+000 1.0550118e+001
-4.3192711e+000 4.2247872e+000 1.0887438e+001

'Wolf_Pit_27_A2
-8.4387922e-001 -7.7074647e-001 7.2957377e+000
-2.4474301e+000 -3.5682145e-001 7.2045288e+000
-1.3557239e+000 -1.4950220e-002 7.3779449e+000
-1.5964589e+000 -1.0398952e+000 7.0987930e+000
-1.8187201e+000 -5.4327798e-001 7.0340734e+000
-8.8146400e-001 -4.6628761e-001 7.3721166e+000
-1.0536737e+000 -1.5279058e-001 7.3771672e+000
-1.7170329e+000 6.1298899e-002 7.3281999e+000
-2.1129937e+000 -7.6959625e-002 7.2578220e+000
-1.0108643e+000 -9.7866654e-001 7.2440190e+000
-1.3526292e+000 -1.1168554e+000 7.1190486e+000
-1.8610959e+000 -1.0054439e+000 7.0591488e+000
-2.2747974e+000 -6.9412386e-001 7.0869327e+000
-1.4855852e+000 -6.7656875e-001 7.0967050e+000
-2.1207218e+000 -4.5071885e-001 7.0854082e+000
-1.7325635e+000 -2.6930803e-001 7.1539087e+000
-1.8312654e+000 -8.4325397e-001 7.0489688e+000

'Wolf_Pit_28_A2
2.1548343e+000 1.9208996e-001 7.7920141e+000
-7.9897970e-002 1.2278962e+000 7.6740332e+000
1.7396901e+000 1.5742011e+000 7.8712173e+000
2.1558726e-001 -3.8039127e-001 7.4846082e+000
1.2615480e+000 5.9976357e-001 7.6350212e+000
2.2993133e+000 6.3009351e-001 7.8716488e+000
2.0898736e+000 1.3920097e+000 7.8467073e+000
1.1150931e+000 1.6869849e+000 7.8154306e+000
4.9070096e-001 1.3658961e+000 7.7790260e+000
1.6557420e+000 -2.2403212e-001 7.6409006e+000
9.0465260e-001 -5.6080377e-001 7.5783615e+000
-1.3561726e-001 3.9631378e-002 7.5597305e+000
-3.2347631e-001 6.6618556e-001 7.6487350e+000
1.4603930e+000 3.1835273e-001 7.6466951e+000
4.5950341e-001 9.6310836e-001 7.6672878e+000
1.0973989e+000 1.1661834e+000 7.7099352e+000
5.8063567e-001 4.1348839e-001 7.5823908e+000

'Wolf_Pit_29_A2
-4.7617102e+000 5.3312421e-001 5.7933016e+000
-1.0138937e+000 3.4917042e-001 5.5762568e+000
-2.4003782e+000 -1.1826988e+000 5.5901451e+000
-2.2294934e+000 2.7163889e+000 5.7213364e+000
-2.3558705e+000 9.0618533e-001 5.4324245e+000
-4.1670799e+000 -1.4172655e-001 5.7199030e+000
-3.2578905e+000 -7.7871370e-001 5.6730204e+000
-1.7527273e+000 -1.0957640e+000 5.5851364e+000
-8.4577572e-001 -3.1968328e-001 5.5307827e+000
-4.0824637e+000 1.1574895e+000 5.7636576e+000
-3.0588603e+000 2.0376461e+000 5.7447529e+000
-1.3895273e+000 2.1277115e+000 5.6089697e+000
-1.0420843e+000 1.1573486e+000 5.5976400e+000
-2.9272385e+000 1.0841919e+000 5.5565786e+000
-1.8152463e+000 8.9637423e-001 5.4330835e+000
-2.3924856e+000 6.4404815e-001 5.4742346e+000
-2.2914770e+000 1.2678609e+000 5.5137005e+000

'Wolf_Pit_30_A2
-3.8947496e+000 -5.4075801e-001 1.7015877e+000
-2.5718513e+000 1.1621466e+000 1.4671597e+000
-2.8480554e+000 7.1790054e-002 1.5363746e+000
-3.7374787e+000 8.3623296e-001 1.6147130e+000
-3.1517334e+000 2.9314497e-001 1.4629760e+000
-3.5202734e+000 -3.6446711e-001 1.6448140e+000
-3.1318860e+000 -2.2187948e-001 1.5946882e+000
-2.6324494e+000 3.4560481e-001 1.5023944e+000
-2.4822092e+000 8.3808142e-001 1.5014141e+000
-4.1023688e+000 7.0777632e-002 1.6939025e+000
-3.9471657e+000 4.9764764e-001 1.6765721e+000
-3.3428531e+000 1.0622572e+000 1.5551624e+000
-2.9327147e+000 1.2180021e+000 1.5093336e+000
-3.4076531e+000 -5.7715256e-002 1.5455363e+000
-2.8493836e+000 6.8247968e-001 1.4838443e+000
-2.9828353e+000 1.3304862e-001 1.5041831e+000
-3.4027650e+000 4.9918205e-001 1.5206537e+000
